species	genus	family	family_code	clade	bio1	bio2	bio3	bio4	bio5	bio6	bio7	bio8	bio9	bio10	bio11	bio12	bio13	bio14	bio15	bio16	bio17	bio18	bio19
Aciphylla_aurea	Aciphylla	Apiaceae	6	Core apioids	7.26001128031585	9.66457980823463	4.49255499153976	404.584771573604	18.6183869148336	-2.66773829667231	21.2861252115059	6.2668358714044	8.57456288776086	12.2544839255499	1.77569091934574	164.67540891145	16.4119571347998	9.32825719120135	1.3751269035533	46.0990975747321	35.1378454596729	37.4958826847152	41.114326001128
Actinolema_eryngioides	Actinolema	Apiaceae	6	Saniculoideae	16.75	12.1	3.525	792.55	35.025	1.475	33.55	6.45	26.575	26.575	6.45	46.675	8.8	0.075	8.15	25.275	0.45	0.45	25.275
Actinotus_helianthi	Actinotus	Apiaceae	6	Mackinlayoideae	16.3993079584775	10.9052449462757	4.80285922418503	415.44336186487	26.9838645055545	4.51855763977418	22.4653068657804	20.9578218903661	11.798597705336	21.4257330176653	10.7992897468585	114.148971043526	14.4266435986159	5.36995082862867	2.94454562010563	39.7518484793298	18.4598251684575	35.4089054816973	23.9907849207795
Aegopodium_podagraria	Aegopodium	Apiaceae	5	Core apioids	8.01636458007029	7.76819253361747	3.07034734432842	632.070832542581	21.6460762278008	-3.68814351075919	25.33421973856	12.3266175371044	3.29016616096601	16.0643685677506	-0.0848545891477476	79.2300756607454	8.88588260580272	4.60764495926576	2.10143730264527	25.1659560943599	15.0393474746597	23.0618570608693	18.0322407607689
Aethusa_cynapium	Aethusa	Apiaceae	4	Core apioids	9.12220975786549	7.93264932778765	3.28000707591944	581.422291734981	22.208556685018	-1.72333931622457	23.9318960012426	11.7305377698773	5.19891445040816	16.5269411318019	1.67122948414821	74.6680108037209	7.98648154220527	4.61132147110091	1.69244775037537	22.4896337780232	15.0055166284107	20.686056987039	17.8182679529883
Ainsworthia_trachycarpa	Tordylium	Apiaceae	4	Core apioids	19.4080706179067	10.6609079445145	4.18058007566204	547.431273644388	32.4764186633039	7.35397225725095	25.122446406053	12.2943253467844	25.7253467843632	25.9414880201765	12.2664564943253	56.2237074401009	14.3764186633039	0.00176544766708701	10.6422446406053	36.5518284993695	0.00907944514501892	0.153215636822194	35.9614123581337
Alepidea_amatymbica	Alepidea	Apiaceae	5	Saniculoideae	13.5098765432099	13.2222222222222	5.66913580246914	342.372839506173	24.0407407407407	0.82962962962963	23.2111111111111	17.4197530864198	8.8	17.4691358024691	8.74444444444445	89.5469135802469	13.9469135802469	1.73456790123457	5.94567901234568	39.3234567901235	6.44567901234568	39.1888888888889	6.51851851851852
Alepidea_peduncularis	Alepidea	Apiaceae	5	Saniculoideae	17.3465734265734	11.7535664335664	5.88405594405594	270.53048951049	25.9034965034965	6.07832167832168	19.8251748251748	20.0566433566434	13.6718881118881	20.2875524475525	13.4696503496504	102.895804195804	18.2398601398601	1.44027972027972	7.13944055944056	50.7237762237762	5.3234965034965	45.3267132867133	5.45454545454546
Ammi_majus	Ammi	Apiaceae	2	Core apioids	11.9755811547217	8.89476443402083	3.67551907291164	543.429150858798	24.9872387390495	1.12558460371111	23.8616541353383	12.7456646202663	11.8896875215562	18.8971097468442	5.01476167482928	73.717720907774	8.61258881147824	3.97521556184038	2.41856246119887	23.6605090708422	13.5507829206043	17.4151893495206	19.3849762019728
Ammoides_pusilla	Ammoides	Apiaceae	5	Core apioids	14.203205918619	9.03797780517879	3.55561035758323	544.491245376079	28.212823674476	3.43230579531443	24.7805178791615	10.7905055487053	21.1639950678175	21.5011097410604	7.67040690505549	62.2668310727497	8.57731196054254	1.09753390875462	4.6905055487053	24.042663378545	5.52281134401973	6.64993834771887	21.28532675709
Anethum_graveolens	Anethum	Apiaceae	2	Core apioids	8.38668400520156	7.92159947984395	2.95211963589077	675.413042912874	22.8162808842653	-3.94084525357607	26.7571261378414	14.4155266579974	3.24524057217165	17.0481924577373	-0.207516254876463	67.4500130039012	7.96724317295189	3.6410533159948	2.47224967490247	22.1536931079324	12.0646423927178	19.9896098829649	14.9466710013004
Angelica_archangelica	Angelica	Apiaceae	4	Core apioids	5.95615726538534	7.20396919802166	2.81989294434358	662.136236148501	19.6823483378201	-6.04112251925124	25.7234708570713	10.7911131284042	1.28872472297001	14.4723909096601	-2.39187378701559	74.5294872597508	8.60098603894071	4.07581543855256	2.31656232392162	23.9000093908471	13.459431540725	21.3940712452263	17.0316753271145
Annesorhiza_altiscapa	Annesorhiza	Apiaceae	6	EDAp	16.4862745098039	15.1725490196078	5.68039215686275	408.211764705882	30.3372549019608	3.77647058823529	26.5607843137255	12.3117647058824	20.8470588235294	21.4843137254902	11.1196078431373	26.6058823529412	4.3078431372549	0.56078431372549	5.62745098039216	11.9490196078431	2.34901960784314	2.97647058823529	11.4666666666667
Anthriscus_cerefolium	Anthriscus	Apiaceae	6	Core apioids	9.36532213907647	8.35829530936302	3.19319218835554	633.215185252783	23.4488227778792	-2.48315386019347	25.9319766380726	13.7712903814565	5.53535316663625	17.418050739186	1.21177222120825	73.0717101660887	8.21332359919693	4.29709801058587	2.05942690271947	22.8433655776602	14.1172294214273	20.641704690637	16.8649023544442
Anthriscus_sylvestris	Anthriscus	Apiaceae	6	Core apioids	8.14251191480016	7.47919997665421	3.10386541766693	599.386350392655	21.2107843724514	-2.96876947722326	24.1795538496746	10.8539621030256	4.19658368160029	15.8342541097037	0.554301999290411	76.3411208436431	8.37597088534299	4.44827494582087	1.97604399452603	23.6491101721598	14.5350217561256	20.8521870550669	18.0302519962954
Aphanopleura_capillifolia	Aphanopleura	Apiaceae	2	Core apioids	5.9	11.6	3.1	836.6	25.5	-11.3	36.8	5.5	15.7	16.6	-5.1	85.5	15.2	0.4	7.1	42.4	2.2	3.8	27.3
Aralia_spinosa	Aralia	Araliaceae	5	EDAl	14.9199924981245	12.3112340585146	3.68298949737434	759.909771192798	31.2373780945236	-1.99939984996249	33.2367779444861	18.225112528132	12.8124531132783	24.3813203300825	4.7786384096024	126.173968492123	13.8683795948987	7.56742310577644	1.74328582145536	38.2708927231808	25.4049887471868	34.2917854463616	30.4117404351088
Arctopus_echinatus	Arctopus	Apiaceae	1	Saniculoideae	16.2766328011611	10.8419448476052	5.3833091436865	320.420174165457	26.57793904209	6.62946298984035	19.9484760522496	12.7635703918723	20.0940493468795	20.2596516690856	12.1487663280116	66.5830188679245	10.2865021770682	2.07939042089986	5.30537010159652	28.9815674891147	7.03352685050798	7.27910014513788	28.5735849056604
Arracacia_aegopodioides	Arracacia	Apiaceae	4	Core apioids	15.7149659863946	12.4612244897959	7.15850340136054	140.983673469388	24.5139455782313	6.79557823129252	17.7183673469388	16.3863945578231	14.4568027210884	17.358843537415	13.7316326530612	154.234353741497	28.0482993197279	2.08877551020408	7.55646258503401	73.4979591836735	7.65102040816327	40.9401360544218	15.6408163265306
Arracacia_longipedunculata	Arracacia	Apiaceae	4	Core apioids	17.0666666666667	14.62	6.58666666666667	187.353333333333	27.93	5.84666666666667	22.0833333333333	17.96	16.3	19.2766666666667	14.4233333333333	106.656666666667	22.91	0.766666666666667	9.78	63.95	3.42	26.7133333333333	4.25333333333333
Arracacia_tolucensis	Arracacia	Apiaceae	4	Core apioids	15.4989690721649	15.1932989690722	6.5479381443299	229.796907216495	26.7030927835052	3.63092783505155	23.0721649484536	17.1603092783505	13.1010309278351	18.0814432989691	12.269587628866	81.4170103092784	16.9211340206186	1.09381443298969	8.26855670103093	44.4438144329897	4.17061855670103	26.1046391752577	5.09329896907217
Asteriscium_chilense	Asteriscium	Apiaceae	4	Azorelloideae	13.7517857142857	11.5035714285714	5.72678571428571	307.169642857143	24.8375	4.85	19.9875	10.2357142857143	17.5678571428571	17.7607142857143	9.85714285714286	47.5	12.25	0.246428571428571	10.4428571428571	30.4357142857143	1.1	1.11428571428571	29.4464285714286
Astrodaucus_orientalis	Astrodaucus	Apiaceae	9	Core apioids	7.67692307692308	10.1	3.03426573426573	796.812587412588	24.9234265734266	-7.7979020979021	32.7213286713287	10.834965034965	1.97657342657343	17.6835664335664	-2.63356643356643	63.3702797202797	9.42307692307692	2.5006993006993	4.20874125874126	24.8167832167832	8.54020979020979	19.1041958041958	11.063986013986
Athamanta_cretensis	Athamanta	Apiaceae	6	Core apioids	4.8664129883308	7.97819815902008	3.12399797057331	598.821852576647	18.433616003479	-6.607704573458	25.041320576937	3.23307965499746	8.01206059288251	12.5118576502138	-2.72911502500544	126.35441762702	12.8461549612235	8.0432847720519	1.38713488439516	36.6606218743205	27.0626585489599	31.7798579401319	31.6860042038124
Azorella_acaulis	Azorella	Apiaceae	4	Azorelloideae	8.484375	10.5375	4.76875	424.453125	20.459375	-1.34375	21.803125	6.8375	9.834375	13.759375	2.93125	30.01875	4.090625	1.325	2.84375	11.2625	4.65625	5.746875	9.859375
Azorella_ameghinoi	Azorella	Apiaceae	4	Azorelloideae	7.905	12.185	4.95	456.44	21.3	-2.87	24.17	3.165	12.695	13.63	1.94	33.285	5.16	1.215	4.365	14.38	4.245	4.44	13.34
Azorella_andina	Azorella	Apiaceae	4	Azorelloideae	6.80588235294118	13.1352941176471	5.35882352941177	419.858823529412	21.2235294117647	-3	24.2235294117647	1.77058823529412	12.1294117647059	12.2470588235294	1.48235294117647	94.5411764705882	17.8176470588235	2.04705882352941	6.61764705882353	47.4882352941177	8.14705882352941	8.2	45.6352941176471
Azorella_haastii	Azorella	Apiaceae	5	Azorelloideae	5.95064935064935	9.54992784992785	4.45757575757576	400.204184704185	17.4578643578644	-3.75165945165945	21.2095238095238	5.04848484848485	7.37070707070707	10.9337662337662	0.561183261183261	268.874025974026	26.4819624819625	14.9743145743146	1.33881673881674	74.9845598845599	57.8575757575758	60.175468975469	65.8191919191919
Azorella_prolifera	Mulinum	Apiaceae	6	Azorelloideae	8.15926365795725	12.2027315914489	5.07102137767221	426.697624703088	21.3124703087886	-2.33942992874109	23.6519002375297	5.00736342042755	11.8889548693587	13.5653206650831	2.64809976247031	57.7035629453682	9.32814726840855	2.04489311163896	4.83598574821853	25.3073634204276	7.17173396674584	7.82945368171021	23.2543942992874
Azorella_trifoliolata	Azorella	Apiaceae	6	Azorelloideae	7.29444444444445	12.7444444444444	5.4	397.45	20.95	-2.42222222222222	23.3722222222222	3.15	11.787037037037	12.4148148148148	2.26666666666667	89.2388888888889	15.837037037037	2.31481481481481	6.02777777777778	43.037037037037	8.6	8.78333333333333	40.9351851851852
Bifora_radians	Bifora	Apiaceae	4	Core apioids	10.5786383427893	9.32915951972556	3.52675814751286	593.158292650745	24.8756036416414	-1.21142630953952	26.0870299511809	11.701081936931	13.0517350573954	18.1937458767647	2.98610634648371	76.6312046444122	8.65536350442011	3.85849056603774	2.07698904868716	23.7230505343713	14.6371157144742	17.3396754189207	18.3350573954348
Bowlesia_lobata	Bowlesia	Apiaceae	6	Azorelloideae	10.8267123287671	13.2657534246575	6.56232876712329	256.002739726027	21.0438356164384	-0.258219178082192	21.3020547945206	13.7821917808219	7.41643835616438	13.8979452054795	7.31164383561644	77.686301369863	12.8315068493151	1.70684931506849	6.49315068493151	34.9554794520548	6.22876712328767	30.5657534246575	6.37328767123288
Bowlesia_tropaeolifolia	Bowlesia	Apiaceae	6	Azorelloideae	8.80263157894737	15.2236842105263	5.70263157894737	409.969298245614	22.5578947368421	-3.92105263157895	26.4789473684211	7.87719298245614	9.4640350877193	13.8149122807018	3.38245614035088	40.6350877192982	8.93157894736842	0.547368421052632	8.86052631578947	23.3552631578947	2.07982456140351	8.01578947368421	16.2982456140351
Bupleurum_aureum	Bupleurum	Apiaceae	5	EDAp	0.510376569037657	10.7351464435146	2.29899581589958	1252.86510460251	23.9894979079498	-21.8014644351464	45.7909623430962	15.9461087866109	-13.3676569037657	16.1735564853557	-15.992719665272	52.2326778242678	8.20836820083682	1.83761506276151	4.65230125523013	21.7680334728033	6.18066945606695	21.6761506276151	7.0528870292887
Bupleurum_balansae	Bupleurum	Apiaceae	6	EDAp	16.41875	10.05	3.93958333333333	499.4875	30.1208333333333	5.0875	25.0333333333333	10.8875	22.8770833333333	23.2125	10.4020833333333	50.7458333333333	8.41458333333333	0.1625	6.6625	23.2645833333333	1.37916666666667	2.11041666666667	22.89375
Bupleurum_falcatum	Bupleurum	Apiaceae	5	EDAp	8.73741504552829	8.77904821760037	3.37100220698929	611.630314678671	22.8458191438051	-2.88657390490946	25.7323930487145	11.187442084801	6.65748695537789	16.4990368172584	0.814908139551879	83.2063228050688	8.7501541969336	5.22683172802876	1.52399625834929	24.3433271459682	17.5048378374428	22.1094754381093	20.073545360207
Bupleurum_fruticosum	Bupleurum	Apiaceae	6	EDAp	13.413481633438	9.0727803064299	3.51787294057311	569.987915892044	27.3786204243862	1.99310212193089	25.3855183024553	12.2536252323867	18.6110007051734	20.8827232514905	6.34097698570421	67.5812039233284	8.54686197833195	2.55653567536381	2.8870568626194	22.468337713956	11.0721264183602	11.9877043400218	17.5997563946407
Bupleurum_longifolium	Bupleurum	Apiaceae	6	EDAp	6.83006134969325	8.48965819456617	3.23299737072743	622.82458369851	20.9364592462752	-4.94068799298861	25.8771472392638	9.68650306748466	4.46844872918493	14.7289439088519	-1.20929009640666	101.474057843997	11.0984662576687	6.38976774758983	1.82570113935145	31.198773006135	20.9927695004382	28.9071866783523	23.9181200701139
Bupleurum_praealtum	Bupleurum	Apiaceae	5	EDAp	11.2656499296105	9.23510089160019	3.52402627874237	581.639465039887	25.4869779446269	-0.316424213984045	25.803402158611	11.0369544814641	15.0354528390427	18.8021116846551	3.92569216330361	81.1606053496011	9.26672923510089	3.91677616142656	2.13622712341624	25.1467151572032	15.5329188174566	16.7230642890662	19.9067104645706
Bupleurum_ranunculoides	Bupleurum	Apiaceae	5	EDAp	4.4305866486851	7.57808496291301	3.12488873904248	569.627430883345	17.4855428186109	-6.28171274443695	23.7672555630479	3.2097842211733	7.49283209710047	11.8411058664869	-2.51511800404585	128.720505731625	12.9978759271746	8.23908968307485	1.35503708698584	36.5028455832771	27.6795751854349	30.5968846931895	31.8307080242751
Bupleurum_rotundifolium	Bupleurum	Apiaceae	5	EDAp	9.52124257316805	9.10151103938972	3.43443849482872	605.639873835546	23.8399691924008	-2.30665297440035	26.1466221668011	11.2648646666178	9.28922467541994	17.2891586591359	1.77880877283063	80.1866133646299	8.81032788087728	4.54867600674833	1.93855350986577	24.3344751705421	16.0234064402553	20.0299933983716	18.751316658109
Bupleurum_stellatum	Bupleurum	Apiaceae	5	EDAp	2.1910885989011	7.17893200549451	2.96315247252747	577.836057692308	14.9987809065934	-8.69316620879121	23.6919471153846	-0.316054258241758	6.6089114010989	9.60456730769231	-4.9635989010989	148.461572802198	14.8609031593407	9.80278159340659	1.19924450549451	41.9016483516484	32.0046188186813	36.0192479395604	38.0481971153846
Bupleurum_tenuissimum	Bupleurum	Apiaceae	5	EDAp	10.7607052896725	7.92472712006717	3.25964175762664	571.233585222502	23.8122166246851	-0.0162468513853905	23.8284634760705	12.100867618248	9.52195633921075	18.1033725160929	3.57488105233697	65.5296249650154	7.54347886929751	3.53558634200952	2.19384270920795	20.5698432689617	12.0673103834313	16.0843268961657	15.888497061293
Carum_buriaticum	Carum	Apiaceae	5	Core apioids	5.24230769230769	12.8078296703297	3.15054945054945	1018.76620879121	24.8065934065934	-16.6800824175824	41.4866758241758	17.2292582417582	-7.74381868131868	17.6832417582418	-8.61373626373626	53.1358516483517	12.1706043956044	0.442307692307692	9.13379120879121	30.8873626373626	1.68214285714286	30.3531593406593	1.80892857142857
Carum_carvi	Carum	Apiaceae	5	Core apioids	5.64155534748231	7.98624635871827	2.87477736163129	696.79265917603	20.4484508947149	-7.22109238451935	27.6695432792343	10.7747045359967	1.27884727424053	14.5743112775697	-3.25880357885976	89.5143716188098	10.2624459009571	5.21029754473575	2.41287661256762	28.830049937578	17.0340106117353	26.6691219309197	20.0478880565959
Centella_asiatica	Centella	Apiaceae	1	Mackinlayoideae	18.4781290601992	9.81838458207016	4.94128049660748	368.674021943121	28.1177277320629	7.82291035080121	20.2948173812617	21.8302706604114	14.9247437563159	22.9263100909485	13.5270752129349	140.656622158066	21.6246120534103	4.65786358715265	4.55141104294479	58.5602887044388	16.3232407073259	48.5727082431067	24.6750469178577
Chaerophyllum_aromaticum	Chaerophyllum	Apiaceae	9	Core apioids	5.97944004524887	7.94324095022624	2.51167986425339	835.094117647059	22.358314479638	-9.01674208144796	31.375056561086	15.8964932126697	-3.32191742081448	16.4524038461538	-4.92330316742081	65.5863687782805	8.61134049773756	3.16736425339367	3.21289592760181	23.9467477375566	10.4139140271493	23.654213800905	11.914592760181
Chaerophyllum_aureum	Chaerophyllum	Apiaceae	9	Core apioids	7.07226522955994	8.56946644435181	3.24985410587745	621.588102185434	21.2397040433514	-4.73238551777526	25.9720895611267	10.1093908176026	4.43152801762639	14.9919371166558	-0.898856666468171	99.2150092300363	10.9490204251772	6.09266658726851	1.92187816352051	30.6375156315131	20.1813195974513	28.109614124933	22.6668314178527
Chaerophyllum_hirsutum	Chaerophyllum	Apiaceae	6	Core apioids	6.60545483587573	8.64760136304342	3.22677768016399	634.504031893086	20.7832454809254	-5.61341080318398	26.3966562841094	11.36586002183	2.57698400021298	14.6111332960626	-1.62841093629369	104.672815004126	12.0725953731065	6.32274578707771	2.23020525517131	34.0789234086734	20.5292588451402	32.564724596012	23.035483055134
Chaerophyllum_temulum	Chaerophyllum	Apiaceae	4	Core apioids	9.75107305465944	8.05712814880911	3.40486192143135	556.868057748187	22.5801765163475	-0.764883771478253	23.3450602878257	11.4289450202485	6.88141830828014	16.8458873864598	2.61796451369346	74.7375900885442	7.90321687601528	4.63563044821196	1.59316642643055	22.2279869357311	15.0877845654014	19.380845173542	18.5043911730386
Chamaesium_paradoxum	Chamaesium	Apiaceae	6	EDAp	4.42435897435897	13.9032051282051	4.15128205128205	651.098076923077	18.9467948717949	-14.1032051282051	33.05	11.9698717948718	-4.21153846153846	12.2230769230769	-4.50705128205128	70.2698717948718	14.0852564102564	0.339102564102564	8.8198717948718	38.2865384615385	1.5198717948718	38.0532051282051	1.53589743589744
Cicuta_virosa	Cicuta	Apiaceae	2	Oenantheae	6.36994043915015	7.54496044092808	2.76117699351053	711.390461374344	21.0603253622544	-6.60528402524669	27.6656093875011	12.6347568672771	0.465884967552671	15.5336883278514	-2.64495866299227	70.4566823717664	8.27191750377811	3.77549115476931	2.57168459418615	23.1787483331852	12.282277535781	21.2422633122944	15.1517325984532
Conioselinum_tataricum	Conioselinum	Apiaceae	2	Core apioids	-0.553240223463687	9.87324022346369	2.23575418994413	1180.02916201117	21.5446368715084	-21.8261452513966	43.370782122905	12.7793296089385	-11.9882122905028	14.2846927374302	-16.0075977653631	52.0775418994413	8.20932960893855	1.92854748603352	4.87625698324022	21.6321229050279	6.56882681564246	20.6370391061453	8.1391061452514
Conopodium_majus	Conopodium	Apiaceae	6	Core apioids	8.98147556465635	7.80877501125341	3.58767862028791	490.18844914783	20.8557789565663	-0.53215032789345	21.3879292844597	7.07934668443676	8.82975754419721	15.3769203611682	2.88502546359633	95.2730942020671	10.697408626731	5.54438785867483	1.96273223947255	29.8417982506465	18.1586033416005	21.3572652891906	25.698402457215
Coriandrum_sativum	Coriandrum	Apiaceae	4	Core apioids	11.9945902517408	9.16139260846277	3.65652919121585	587.813519014462	25.5702945902517	-0.126630958757365	25.6969255490091	14.9825923942153	8.74581681842528	19.4172254954472	4.37974290305303	81.3365184788431	11.2974183181575	3.62088912694162	3.61346545259775	30.4168398500268	12.28092126406	23.4231173004821	16.7897054097483
Crithmum_maritimum	Crithmum	Apiaceae	5	Core apioids	13.2818584647465	7.24944610973544	3.50737217081541	476.350697250098	24.3706546765715	3.91599113775577	20.4546635388158	10.9356227464269	16.8481298058126	19.4758330075155	7.41508753638299	82.9992397584604	10.8532951040445	3.43952821582171	3.41007863069638	29.6589339241496	12.677827012468	15.2601589990877	25.1443242538772
Cryptotaenia_canadensis	Cryptotaenia	Apiaceae	10	Oenantheae	10.2126908111344	11.6543250523795	3.0804100568692	916.596093983837	28.9674947620473	-8.5731816821311	37.5406764441784	18.3919634839868	-0.00405567195450464	21.6127806046094	-2.09479197844957	103.85053876085	11.1057168512421	5.95936845255911	1.97210416043101	31.3946423226579	19.9298712960192	29.9247680335229	20.9893295420533
Cyclorhiza_peucedanifolia	Cyclorhiza	Apiaceae	1	EDAp	10.4111111111111	12.7666666666667	4.68888888888889	518.733333333333	21.8703703703704	-5.22222222222222	27.0925925925926	16.5259259259259	3.44444444444444	16.5259259259259	3.32962962962963	79.0111111111111	18.0703703703704	0.351851851851852	9.75555555555556	48.2259259259259	1.54074074074074	48.2259259259259	1.57777777777778
Daucus_carota	Daucus	Apiaceae	9	Core apioids	10.001806293474	8.5481195010644	3.3826756836802	597.320999736558	23.6275843054222	-1.44996784702712	25.0775521524493	11.8786716976933	7.45781955391636	17.5910298932652	2.30991326060598	79.7958011326355	8.77941031611363	4.69827421167947	1.87429038470664	24.4959168178865	15.6281303332619	20.636208338174	19.5048415995654
Dendropanax_arboreus	Dendropanax	Araliaceae	5	EDAl	23.1148746821649	10.5196876135125	7.15201598256448	124.774809298947	30.5689611333091	15.7110788231021	14.857882310207	23.6252996730839	22.7070650199782	24.4845078096622	21.3476389393389	231.858917544497	36.8545041772612	5.28786778060298	5.99520523065747	98.27978568834	19.6843806756266	50.9900108972031	47.0536324010171
Domeykoa_oppositifolia	Domeykoa	Apiaceae	6	Azorelloideae	17.50625	9.34375	5.43125	246.8375	26.01875	9.10625	16.9125	14.43125	20.69375	20.7	14.29375	1.3625	0.40625	0	8.60625	0.99375	0	0	0.99375
Echinophora_chrysantha	Echinophora	Apiaceae	5	Core apioids	8.17777777777778	12.0444444444444	3.23333333333333	846.311111111111	28.0444444444444	-8.85555555555556	36.9	8.54444444444444	18.6	18.6	-3.02222222222222	52.6555555555556	7.72222222222222	1.01111111111111	4.76666666666667	20.3111111111111	3.98888888888889	4.38888888888889	14.1666666666667
Echinophora_tenuifolia	Echinophora	Apiaceae	5	Core apioids	15.2941176470588	9.41176470588235	3.22352941176471	683.582352941177	30.7352941176471	2.11176470588235	28.6235294117647	11.4705882352941	22.6588235294118	24.0117647058824	6.60588235294118	47.2	8.28235294117647	0.664705882352941	6.3	21.5882352941176	2.68823529411765	3.74117647058824	18.5411764705882
Elaeosticta_allioides	Elaeosticta	Apiaceae	5	Core apioids	9.3	12.5	3	991.95	31.15	-9.75	40.9	6.75	20.2	21.8	-3.85	50.45	7.85	0.65	5.6	21.2	3	4.25	15.25
Elwendia_persica	Elwendia	Apiaceae	6	Core apioids	9.55853658536585	12.6609756097561	3.20975609756098	897.912195121951	29.8073170731707	-8.95609756097561	38.7634146341463	6.60243902439024	19.790243902439	20.890243902439	-2.33414634146341	43.2926829268293	7.86829268292683	0.336585365853659	7.08536585365854	21.1146341463415	1.72926829268293	2.75609756097561	14.3634146341463
Eremocharis_fruticosa	Eremocharis	Apiaceae	6	Azorelloideae	16.3062146892655	10.2468926553672	5.9045197740113	242.902824858757	24.8932203389831	7.62824858757062	17.2649717514124	13.080790960452	19.3124293785311	19.3124293785311	13.080790960452	1.96666666666667	0.654802259887006	0	10.9994350282486	1.57514124293785	0	0	1.57514124293785
Eremodaucus_lehmannii	Eremodaucus	Apiaceae	6	EDAp	12.2285714285714	12.85	3.18214285714286	944.242857142857	33.3107142857143	-6.475	39.7857142857143	9.62857142857143	22.95	24.1857142857143	-0.228571428571429	33.8928571428571	6.05	0.339285714285714	6.65357142857143	15.6035714285714	1.58928571428571	2.36785714285714	10.9107142857143
Erigenia_bulbosa	Erigenia	Apiaceae	2	EDAp	11.4679191386508	11.8994946165678	3.17319270490002	898.50909690178	29.9194023291584	-7.0582948802461	36.9776972094045	18.1143045484509	2.81023950780048	22.6183695891013	-0.635860250494397	106.294748406944	11.4346297517029	6.19004614370468	1.80246099758295	32.082948802461	20.9186552406065	29.6506042627994	21.9234453966161
Eryngium_campestre	Eryngium	Apiaceae	1	Saniculoideae	11.035751087867	9.05642444176592	3.53711618214877	582.674409283131	24.9773278310078	-0.291926290629022	25.2692541216368	11.8153760035956	11.2062260720342	18.5153776379497	3.60347341110135	72.3057329056773	7.99092443155121	4.03875012768392	1.94070236368465	21.8576596048949	14.1196637316391	16.923971071932	17.8507569102535
Eryngium_ebracteatum	Eryngium	Apiaceae	6	Saniculoideae	20.6507042253521	11.9352112676056	6.07825704225352	251.787852112676	30.2014964788732	10.3443661971831	19.8571302816901	22.4708626760563	17.9364436619718	23.5538732394366	17.218485915493	133.218573943662	20.6912852112676	3.42737676056338	5.47429577464789	56.1235915492958	12.1839788732394	41.4951584507042	14.399823943662
Falcaria_vulgaris	Falcaria	Apiaceae	5	Core apioids	8.97705699159141	8.75476175646216	3.11360946745562	702.867125506073	24.1980348800997	-3.93840859545313	28.1364434755528	15.5833914668328	4.04935534101526	17.8613889753971	-0.134777327935223	64.5264777327935	7.69318592338835	3.68178137651822	2.29528495795702	21.2260541887263	12.1727343506696	19.6963064465898	14.2074026782934
Fatsia_japonica	Fatsia	Araliaceae	4	EDAl	13.611804670913	8.4175796178344	3.55978768577495	561.271889596603	26.1451380042463	1.65061571125265	24.4945222929936	15.3495116772824	10.3465392781316	20.8203821656051	6.43367303609342	131.182038216561	17.2613163481953	5.87265392781316	3.12794055201699	46.5272186836518	19.8355838641189	38.8905307855626	25.6253503184713
Ferula_glauca	Ferula	Apiaceae	9	Core apioids	12.9753639417693	10.0797312430011	3.65128779395297	594.659574468085	28.0620380739082	0.773684210526316	27.2883538633819	13.5844344904815	20.4498320268757	20.7329227323628	5.44255319148936	74.73359462486	9.76886898096305	3.07032474804031	2.57861142217245	24.2072788353863	13.3725643896976	13.4047032474804	18.8190369540873
Griselinia_lucida	Griselinia	Griseliniaceae	5	EDAl	12.3054356514788	8.64484412470024	4.61930455635492	333.175979216627	21.9963229416467	3.47941646682654	18.5169064748201	9.13733013589129	14.8657873701039	16.5423261390887	7.95643485211831	233.644524380496	24.4953237410072	13.6158673061551	1.76586730615508	70.0721822541966	46.6576338928857	49.545723421263	65.0175459632294
Gymnophyton_flexuosum	Gymnophyton	Apiaceae	2	Azorelloideae	11.1653846153846	11.8076923076923	6.23846153846154	256.05	20.6192307692308	1.8	18.8192307692308	8.22692307692308	13.4230769230769	14.3846153846154	7.83076923076923	4.08076923076923	1.12307692307692	0.0307692307692308	8.83846153846154	2.59615384615385	0.134615384615385	0.276923076923077	2.53461538461538
Gymnophyton_isatidicarpum	Gymnophyton	Apiaceae	2	Azorelloideae	10.327027027027	14.7013513513514	5.71486486486487	400.139189189189	24.5635135135135	-0.927027027027027	25.4905405405405	5.77972972972973	15.2986486486486	15.4662162162162	5.22837837837838	52.9081081081081	12.0405405405405	0.317567567567568	9.32027027027027	31.8675675675676	1.56351351351351	1.57432432432432	30.4783783783784
Haplosphaera_phaea	Haplosphaera	Apiaceae	1	EDAp	7.41111111111111	11.7333333333333	4.53333333333333	517.266666666667	18.4777777777778	-7.30555555555556	25.7833333333333	13.5666666666667	0.861111111111111	13.5666666666667	0.477777777777778	77.9277777777778	18.5333333333333	0.494444444444444	9.35555555555556	47.1777777777778	2.15	47.1777777777778	2.23888888888889
Harmsiopanax_ingens	Harmsiopanax	Araliaceae	4	EDAl	15.6576923076923	10.6333333333333	8.49551282051282	67.1455128205128	22.0801282051282	9.64038461538462	12.4397435897436	16.0666666666667	14.8634615384615	16.3474358974359	14.6378205128205	286.289102564103	33.5320512820513	14.4096153846154	2.91858974358974	95.8083333333333	46.3423076923077	92.0179487179487	48.6544871794872
Helosciadium_nodiflorum	Helosciadium	Apiaceae	10	Oenantheae	10.8581295377441	8.04656374667094	3.54665546849963	518.45136090882	23.167309456189	0.843741366544739	22.3235680896443	9.36008663845023	10.8499010951365	17.5105137527489	4.30216706633809	76.8820888265131	8.5424937286581	4.37876473903482	1.95058403598148	23.7782320893791	14.7655855278425	17.3659866727078	20.6802643356798
Heptapleurum_heptaphyllum	Schefflera	Araliaceae	5	EDAl	20.4465674758549	6.83213260245367	3.80550770033934	405.638266771078	28.9838162359697	10.9544766379535	18.0293395980162	24.1161837640303	17.1363612633777	25.1398851474811	14.9857739493605	267.654372226573	46.8664056382146	7.19023753589141	6.25742625946228	125.866927695119	24.4458104933438	115.503001827199	30.0052727747324
Heracleum_pastinacifolium	Heracleum	Apiaceae	5	Core apioids	3.690625	11.3875	3.2375	802.490625	21.825	-12.909375	34.734375	6.921875	-6.834375	13.61875	-6.834375	55.834375	9.48125	2.321875	4.590625	23.696875	7.853125	13.8625	7.853125
Heracleum_sphondylium	Heracleum	Apiaceae	6	Core apioids	8.95874875037151	7.90119505012023	3.35128299694685	562.598933019913	21.7577336467537	-1.64414701034827	23.4018806571019	10.2331762178812	6.17487314582151	16.1325260057821	1.77058320499311	81.8200845694523	8.75128015995245	5.04736146010645	1.68577004133906	24.7092672448731	16.4092038853314	21.5451499554187	20.2560273972603
Hermas_villosa	Hermas	Apiaceae	5	Hermas	15.4025900900901	8.93119369369369	5.32837837837838	272.913175675676	24.1414414414414	7.52736486486487	16.6140765765766	12.5461711711712	18.8463963963964	18.8649774774775	11.9539414414414	93.6097972972973	14.4006756756757	2.81644144144144	5.56745495495496	41.2682432432432	9.32150900900901	9.3509009009009	40.7032657657658
Heteromorpha_arborescens	Heteromorpha	Apiaceae	6	EDAp	17.3156494522692	12.9647887323944	5.9443661971831	298.143818466354	27.2423317683881	5.29021909233177	21.9521126760563	19.9049295774648	13.5669796557121	20.6158841940532	13.1170579029734	87.8589984350548	16.2129890453834	1.26118935837246	6.9197965571205	43.5908450704225	4.69553990610329	33.9687010954617	7.3528951486698
Homalocarpus_dichotomus	Homalocarpus	Apiaceae	6	Azorelloideae	12.0204225352113	14.8253521126761	5.70070422535211	402.165492957746	26.5154929577465	0.738028169014085	25.7774647887324	7.38028169014085	16.8859154929577	17.2077464788732	6.87957746478873	52.5380281690141	12.2788732394366	0.226760563380282	9.73661971830986	32.530985915493	1.20352112676056	1.23943661971831	31.2288732394366
Hydrocotyle_vulgaris	Hydrocotyle	Araliaceae	5	EDAl	9.36006025611845	7.3371347796399	3.27303209267223	537.619827617188	21.3567443727015	-0.758943181954311	22.1156875546558	10.5620122908106	6.88248200103022	16.2197623297435	2.56961498376798	82.6618811169544	8.98647531655426	4.85523677180541	1.85091282628748	25.3828827102076	15.8798824826	20.8278412017682	20.781355343388
Hymenosporum_flavum	Hymenosporum	Pittosporaceae	6	EDAl	17.0734552332913	11.4341740226986	4.99583858764187	404.584174022699	27.5960907944515	4.92540983606557	22.6706809583859	21.6896595208071	12.4658259773014	21.9110970996217	11.5670239596469	124.070428751576	17.1263556116015	4.66500630517024	3.7577553593947	47.5606557377049	16.5025220680958	44.3644388398487	20.7623581336696
Klotzschia_brasiliensis	Klotzschia	Apiaceae	4	Klotzschia	19.5688596491228	11.7421052631579	6.73771929824561	160.197368421053	27.7065789473684	10.3763157894737	17.3302631578947	20.8491228070175	17.6201754385965	21.1662280701754	17.1850877192982	123.475	25.5609649122807	1.2640350877193	7.74166666666667	65.3640350877193	4.52631578947368	49.4793859649123	5.89649122807018
Laserpitium_archangelica	Laser	Apiaceae	9	Core apioids	5.775	9.0625	3.15	685.4	20.6089285714286	-7.67857142857143	28.2875	13.7892857142857	-1.33392857142857	14.3535714285714	-3.24464285714286	123.235714285714	15.7607142857143	7.00535714285714	2.96964285714286	44.6482142857143	22.5	44.1267857142857	24.7303571428571
Laserpitium_latifolium	Laserpitium	Apiaceae	9	Core apioids	6.20008764109461	8.25730216533946	3.18000271989604	611.342386557669	20.0998866709984	-5.46023965306215	25.5601263240605	7.11157164659484	6.07710603061394	14.0212348328019	-1.57876818930476	108.110607594554	11.4609604255126	6.7576995723719	1.69489868387253	32.2709197781774	22.5130207467626	28.770918267124	25.8916650296922
Lecokia_cretica	Lecokia	Apiaceae	9	Core apioids	14.5758620689655	9.09310344827586	3.50229885057471	604.232183908046	28.183908045977	2.62183908045977	25.5620689655172	6.78045977011494	21.9172413793103	21.9666666666667	6.76436781609195	80.251724137931	18.0068965517241	0.148275862068966	9.55632183908046	47.8011494252874	0.817241379310345	0.933333333333333	46.4770114942529
Levisticum_officinale	Levisticum	Apiaceae	2	Core apioids	8.25152146727803	8.04811379741559	3.08635889954148	644.898207586494	22.3077740725302	-3.68425385577324	25.9920279283035	13.0772926219258	3.56911213005419	16.4792205085452	-0.0274697790746144	74.0290225093789	8.45969153814089	4.26240100041684	2.23034597749062	23.7690600250104	13.877959566486	21.8307419758233	16.588578574406
Lichtensteinia_trifida	Lichtensteinia	Apiaceae	6	EDAp	15.3900826446281	11.5380165289256	5.45123966942149	335.454545454545	26.3867768595041	5.38264462809917	21.004132231405	12.0859504132231	18.3553719008264	19.6074380165289	11.1206611570248	69.5561983471074	9.86446280991736	2.60413223140496	4.62231404958678	28.201652892562	8.7900826446281	9.39090909090909	27.2454545454545
Ligusticum_scoticum	Ligusticum	Apiaceae	6	Core apioids	5.36666666666667	6.11187739463602	2.76168582375479	563.833716475096	17.1080459770115	-4.70536398467433	21.8134099616858	5.9632183908046	5.09693486590038	12.7624521072797	-1.53869731800766	113.709578544061	13.6490421455939	5.51226053639847	2.60536398467433	37.4896551724138	19.2379310344828	25.8681992337165	30.3486590038314
Lomatium_bicolor	Lomatium	Apiaceae	4	Core apioids	5.82341176470588	15.3823529411765	4.01576470588235	761.672117647059	27.572	-10.3177647058824	37.8897647058824	-1.35564705882353	14.6062352941176	15.7972941176471	-3.70729411764706	49.6587058823529	6.48505882352941	1.66835294117647	3.52388235294118	18.4694117647059	6.46317647058824	7.61364705882353	17.0748235294118
Meum_athamanticum	Meum	Apiaceae	5	Core apioids	5.71807440859086	8.13389082889175	3.3044949720377	573.443778717148	19.1156195027175	-5.11825819833539	24.2338777010529	6.39818048152913	5.04559298448289	13.1149919920183	-1.45026124399401	109.080809725103	11.4598629453619	6.84322472234621	1.53828077821829	31.7106414262084	22.8380864862026	27.3728358757581	26.7859978470344
Molopospermum_peloponnesiacum	Molopospermum	Apiaceae	6	EDAp	5.7864679822795	7.48824003221909	3.172170761176	555.134273056786	18.7050745066452	-4.50797422472815	23.2130487313733	6.78952879581152	6.62001610954491	13.1190898107128	-0.841200161095449	115.547039871124	12.542811115586	6.69959726137737	1.78679017317761	34.507490938381	23.2953282319774	27.927064035441	25.8879983890455
Mutellina_purpurea	Mutellina	Apiaceae	5	Core apioids	1.86300578034682	6.96300578034682	2.9121387283237	584.456069364162	14.1768786127168	-9.21907514450867	23.3959537572254	7.78670520231214	-3.62658959537572	9.22947976878613	-5.48323699421965	132.268208092486	15.5393063583815	7.93699421965318	2.4150289017341	43.9	25.4028901734104	42.5843930635838	27.0618497109827
Myodocarpus_fraxinifolius	Myodocarpus	Myodocarpaceae	6	EDAl	20.7298850574713	7.12873563218391	5.16015325670498	241.0969348659	27.4816091954023	13.8218390804598	13.6597701149425	23.7716475095785	19.7080459770115	23.7716475095785	17.5383141762452	195.439463601533	25.707662835249	8.99655172413793	3.4544061302682	72.0505747126437	28.7348659003831	72.0505747126437	33.8888888888889
Neogoezia_gracilipes	Neogoezia	Apiaceae	10	Oenantheae	18.3076923076923	14.7666666666667	6.8948717948718	145.151282051282	28.9794871794872	7.68717948717949	21.2923076923077	18.7153846153846	17.6025641025641	20.1692307692308	16.374358974359	114.405128205128	24.6666666666667	0.617948717948718	9.85384615384615	68.474358974359	2.95128205128205	31.2	4.35128205128205
Oenanthe_aquatica	Oenanthe	Apiaceae	6	Oenantheae	9.30569774527727	7.68227271408259	3.22836249673544	584.346390122167	22.1841284350425	-1.47529526130989	23.6594236963524	12.5066103711442	4.98833899190389	16.7057282145034	1.83045326601085	73.0365151910856	7.66921302341778	4.41094135399437	1.69538899045298	21.6494283392821	14.3926438582746	20.2530730390877	17.1757972780825
Opopanax_hispidus	Opopanax	Apiaceae	2	Core apioids	15.2220588235294	8.67352941176471	3.35294117647059	595.634558823529	29.1551470588235	3.88676470588235	25.2683823529412	9.28602941176471	22.8669117647059	22.9338235294118	7.91691176470588	68.1926470588235	12.8772058823529	0.830147058823529	7.20294117647059	34.0257352941177	3.41176470588235	3.58602941176471	30.9845588235294
Osmorhiza_aristata	Osmorhiza	Apiaceae	6	Core apioids	10.940157480315	9.19946125155408	2.80861997513469	824.790634065479	27.1247824285122	-5.55395772896809	32.6787401574803	19.7084542063821	1.61889763779528	21.359262329051	0.234106920845421	147.521508495649	22.5453377538334	5.01906340654787	5.21873186904269	59.8728553667634	16.8486945710734	57.6657687525901	18.8677994198094
Oxypolis_fendleri	Oxypolis	Apiaceae	6	Oenantheae	1.32054263565891	15.3230620155039	4.10988372093023	750.164728682171	20.6992248062016	-16.1713178294574	36.8705426356589	7.60658914728682	0.472286821705426	11.0645348837209	-7.96046511627907	63.2802325581395	7.86492248062016	3.38042635658915	2.59651162790698	20.7854651162791	11.7610465116279	19.0160852713178	14.3492248062016
Pachypleurum_alpinum	Ligusticum	Apiaceae	4	Core apioids	-8.20716374269006	10.1830409356725	2.04166666666667	1399.23567251462	17.2125730994152	-31.8976608187135	49.1102339181287	8.96754385964912	-21.3671052631579	9.67616959064327	-25.7412280701754	37.6137426900585	6.53377192982456	1.20423976608187	5.56929824561404	17.1881578947368	4.04005847953216	16.7349415204678	4.95058479532164
Panax_quinquefolius	Panax	Araliaceae	4	EDAl	10.6912856374395	12.2571274878967	3.30091447014524	877.204303388919	28.9967724583109	-7.88698224852071	36.8837547068316	16.7885960193653	3.07805271651426	21.5850457235073	-1.1122646584185	112.847068316299	11.9659494351802	6.75696611081227	1.73340505648198	33.4323830016138	22.5051640667025	31.0769230769231	24.3382463690156
Pastinaca_armena	Pastinaca	Apiaceae	6	Core apioids	4.94732142857143	10.3571428571429	3.30267857142857	722.35	21.3544642857143	-9.62142857142857	30.9758928571429	10.3580357142857	-1.68214285714286	13.9616071428571	-4.41785714285714	78.93125	11.45625	3.11875	4.11428571428571	30.8214285714286	10.7035714285714	26.3473214285714	11.6410714285714
Pastinaca_sativa	Pastinaca	Apiaceae	4	Core apioids	9.16416858953488	8.17738895730997	3.21678817306286	621.748677113857	22.9002935028289	-2.46375475998358	25.3640482628124	12.5232391009942	5.1121742330941	17.0423314128245	1.15370346776895	73.7481321045852	8.02155877370554	4.41131118377901	1.82181028014892	22.5194608419096	14.5152829093586	20.5193136186256	17.0945102702397
Pennantia_corymbosa	Pennantia	Pennantiaceae	5	EDAl	10.746876319122	8.98357956943858	4.59560996200929	354.777036724356	20.8275221612495	1.47912621359223	19.3483959476572	8.43712536935416	12.1661249472351	15.1630434782609	6.01992401857324	240.792781764458	25.1251582946391	14.1747572815534	1.69858590122415	70.7096454200084	49.6554242296328	53.2925073870832	60.6212114816378
Perideridia_kelloggii	Perideridia	Apiaceae	6	Oenantheae	13.7442508710801	12.7202090592335	5.19006968641115	429.071428571429	27.5165505226481	2.94738675958188	24.5691637630662	8.65836236933798	19.0179442508711	19.3175958188153	8.52891986062718	80.8855400696864	16.5609756097561	0.182926829268293	8.70993031358885	42.9780487804878	1.1616724738676	1.67038327526132	42.6998257839721
Petroselinum_crispum	Petroselinum	Apiaceae	2	Core apioids	11.0278437297647	8.17155191020937	3.49267213468595	551.889132311677	23.8801316641485	0.223505288150227	23.6566263759983	12.9635117634362	9.35933520397151	18.144463630477	4.05877401251889	78.1465249298511	9.44491690049644	3.92446578890568	2.67521044679473	25.9936434275847	13.4615044247788	19.4834124757177	19.1989315778114
Physospermum_cornubiense	Physospermum	Apiaceae	6	EDAp	11.7114879186096	9.5269181856719	3.57176769817719	591.217846545146	26.6327681220856	0.192115303094532	26.4406528189911	6.79821958456973	17.1091564222128	19.4403136922425	4.38350996184824	83.6318779143705	11.2727850784231	2.62183128444256	3.80618906316236	30.7125900805426	10.2692666384061	11.2974989402289	28.5560406952098
Pimpinella_anisum	Pimpinella	Apiaceae	2	Core apioids	12.3768456375839	8.74530201342282	3.89261744966443	540.338255033557	25.1285234899329	1.13624161073826	23.9922818791946	14.1701342281879	10.3271812080537	19.2744966442953	5.48221476510067	83.1815436241611	11.5697986577181	3.40671140939597	3.73389261744966	31.2328859060403	11.6224832214765	20.8332214765101	19.1624161073826
Pimpinella_peregrina	Pimpinella	Apiaceae	2	Core apioids	11.7386316872428	8.52458847736626	3.33940329218107	600.767541152263	25.4609053497942	0.242283950617284	25.218621399177	13.1970679012346	12.3055555555556	19.4136316872428	4.13374485596708	76.8638374485597	10.6132716049383	3.12001028806584	3.87803497942387	29.008950617284	11.1616255144033	17.0055555555556	22.7776234567901
Pimpinella_saxifraga	Pimpinella	Apiaceae	2	Core apioids	7.68290432152659	7.95445149854873	3.07861541147905	637.063413798443	21.6682710269597	-4.11993134053972	25.7882023674994	11.4271916501662	3.81268025579273	15.8716839029147	-0.429198720377429	77.6915608825574	8.68248722518919	4.56978193043782	2.05166130195996	24.3656972855792	14.9968012730334	21.8726403252429	17.9592823702669
Platysace_ericoides	Platysace	Apiaceae	4	Platysace	15.9826086956522	11.9597371081901	4.85947421638018	445.079858442872	27.8364610717897	3.43500505561173	24.401456016178	20.7446309403438	11.8081496461072	21.4321536905966	10.0234782608696	98.4167239635996	12.6940950455005	4.58228513650152	2.9291809908999	34.6619009100101	15.932295247725	32.2702932254803	19.0923963599596
Platysace_lanceolata	Platysace	Apiaceae	4	Platysace	14.3104355626433	10.4932921359514	4.77148410246188	398.54511113326	25.255427090601	3.49192664208113	21.7635004485199	16.6650054819097	12.0145719126881	19.2489684042659	9.02828665404166	101.662603408751	11.9471344562942	5.39832552576498	2.25705172929333	32.7244393501445	18.0037775341373	28.1719625236719	22.9128276686933
Pleurospermopsis_sikkimensis	Pleurospermopsis	Apiaceae	5	EDAp	1.5125	13.75	4.4625	604.8625	14.05	-16.625	30.675	8.9375	-5.475	8.9375	-6.475	37.5	9.9	0.1	10.4375	24.5875	0.5625	24.5875	0.6375
Pleurospermum_hookeri	Pleurospermum	Apiaceae	6	Core apioids	2.35538461538462	12.8666666666667	4.03230769230769	673.314615384615	16.9479487179487	-15.0417948717949	31.9897435897436	9.96153846153846	-4.42	10.5964102564103	-6.60282051282051	52.6689743589744	11.9387179487179	0.385384615384615	8.70666666666667	31.0489743589744	1.79615384615385	30.4464102564103	2.43358974358974
Pleurospermum_uralense	Pleurospermum	Apiaceae	9	EDAp	-0.00132352941176471	10.5368235294118	2.26661764705882	1243.26182352941	22.8291470588235	-22.6894411764706	45.5185882352941	14.9211176470588	-13.5503529411765	15.4895	-16.4502352941176	62.9319117647059	10.8972941176471	2.02252941176471	5.69441176470588	28.2004117647059	6.91814705882353	27.6822941176471	8.05494117647059
Pozoa_coriacea	Pozoa	Apiaceae	5	Azorelloideae	6.26508875739645	14.1414201183432	5.50414201183432	425.395857988166	21.1230769230769	-4.32366863905325	25.4467455621302	1.75266272189349	11.0656804733728	11.7526627218935	0.862130177514793	83.3917159763314	15.7544378698225	1.67100591715976	7.06804733727811	43.4118343195266	6.2414201183432	6.7396449704142	40.7633136094675
Prangos_ferulacea	Prangos	Apiaceae	2	Core apioids	14.6759786476868	10.7362989323843	3.79804270462633	638.987900355872	29.6035587188612	1.33380782918149	28.2697508896797	10.6231316725979	17.8185053380783	22.502846975089	6.40302491103203	50.5222419928826	10.0437722419929	0.998042704626335	7.91049822064057	26.2053380782918	3.37900355871886	4.80017793594306	21.864768683274
Pseudopanax_crassifolius	Pseudopanax	Araliaceae	6	EDAl	10.2541575054967	9.03167099740156	4.60332300619628	354.449600239856	20.3718818708775	0.950239856086348	19.4216420147911	8.3680441734959	11.0677893264042	14.6771037377573	5.52487507495503	252.807375574655	25.8999100539676	14.9803817709374	1.5564911053368	73.3261992804318	52.3061213272037	56.4741355186888	63.0201479112533
Ptilimnium_capillaceum	Ptilimnium	Apiaceae	5	Oenantheae	19.0329020332717	11.7495995070856	4.23062230437461	596.520579174368	32.3829944547135	4.28897104128158	28.0940234134319	22.8702402957486	16.9177449168207	26.3141712877388	11.0476894639556	131.570240295749	17.1301293900185	6.38767714109673	3.23955637707948	47.0653111521873	22.3953789279113	43.8854590264941	27.235674676525
Pycnocycla_spinosa	Pycnocycla	Apiaceae	5	Core apioids	15	14.9538461538462	3.55384615384615	920.123076923077	36.6769230769231	-4.86153846153846	41.5384615384615	6.13076923076923	25.8615384615385	26.6769230769231	2.88461538461538	12.6461538461538	2.42307692307692	0.0307692307692308	7.81538461538462	6.29230769230769	0.176923076923077	0.261538461538462	5.56923076923077
Rutheopsis_herbanica	Rutheopsis	Apiaceae	2	Core apioids	18.7031746031746	7.13174603174603	4.85396825396825	254.331746031746	26.6698412698413	12.1126984126984	14.5571428571429	16.6190476190476	21.5285714285714	22.1126984126984	15.6507936507937	13.1238095238095	3.16190476190476	0	8.85714285714286	7.71111111111111	0	0.428571428571429	7.07777777777778
Sanicula_canadensis	Sanicula	Apiaceae	6	Saniculoideae	13.8058052434457	12.1321629213483	3.43876404494382	823.974040262172	31.1993445692884	-4.04096441947566	35.240308988764	19.2364934456929	7.27305711610487	24.0580758426966	2.76807116104869	111.559667602996	12.6866338951311	6.2	2.22567883895131	34.8118211610487	21.0165262172285	30.9920177902622	23.686563670412
Sanicula_crassicaulis	Sanicula	Apiaceae	6	Saniculoideae	12.3567613941019	11.0497050938338	4.76413941018767	425.339624664879	25.2839463806971	2.38255227882038	22.9013941018767	7.47917426273458	17.6324611260054	17.917855227882	7.19061662198391	83.4857908847185	15.5317426273458	0.903528150134048	7.74226273458445	42.5647721179625	3.80352815013405	4.32561930294906	40.3927184986595
Sanicula_epipactis	Sanicula	Apiaceae	6	Saniculoideae	8.23178548070634	9.08247220405494	3.05428384565075	715.145585349902	23.7299542184434	-5.54970568999346	29.2796599084369	15.0119686069326	0.303727926749509	17.1428384565075	-1.26899934597776	94.6165467625899	11.5684761281884	5.10882930019621	2.98960104643558	32.4825376062786	15.9300850228908	31.0759973839111	17.4502289077829
Sanicula_europaea	Sanicula	Apiaceae	6	Saniculoideae	8.65386543601321	7.98926858015571	3.29188648549943	578.155902322416	21.7848686067166	-2.28703746742144	24.071906074138	10.0843498398048	6.90947724895832	16.0753681170006	1.30300635800727	88.0823063131858	9.85813758528528	5.14214462391474	1.98263417387407	27.7527175085908	17.0666926741812	22.8620744036256	21.7319361211175
Scaligeria_napiformis	Scaligeria	Apiaceae	2	Core apioids	16.6632967032967	9.00461538461538	3.57648351648352	570.481318681319	30.1015384615385	5.39098901098901	24.7105494505495	10.4956043956044	23.8578021978022	23.9358241758242	9.60153846153846	72.1465934065934	14.5441758241758	0.593406593406593	8.11406593406593	38.187032967033	2.54197802197802	2.69252747252747	35.0136263736264
Scandix_pecten-veneris	Scandix	Apiaceae	6	Core apioids	11.5921213302156	9.17370529141768	3.56701740711873	577.642734043475	25.569334026154	0.215822291504287	25.3535117346497	11.3963713518663	12.8490538668052	19.0215142461245	4.24856672728847	73.5996449294189	8.73924828959903	3.63393089114056	2.55260673768078	23.7913830432147	13.0293647700701	15.645827920672	19.955144193297
Scandix_stellata	Scandix	Apiaceae	6	Core apioids	9.82058080808081	9.85454545454546	3.52878787878788	612.397853535354	25.1204545454545	-2.40176767676768	27.5222222222222	8.79709595959596	16.5166666666667	17.8214646464646	2.17083333333333	76.6965909090909	8.54646464646465	3.60366161616162	2.2449494949495	23.7541666666667	14.5237373737374	14.917803030303	19.7955808080808
Schrenkia_vaginata	Schrenkia	Apiaceae	2	Core apioids	5.48888888888889	11.8604938271605	2.7283950617284	1085.64320987654	26.8987654320988	-16.0222222222222	42.920987654321	12.3691358024691	0.420987654320988	18.5827160493827	-9.38024691358025	37.6740740740741	5.87530864197531	0.992592592592593	4.81481481481481	16.0012345679012	3.72222222222222	8.52592592592593	7.67407407407407
Seseli_annuum	Seseli	Apiaceae	4	Core apioids	8.32794541129335	8.58639038437461	3.22689370226618	635.762451483661	22.6323901339677	-3.63367972956054	26.2660698635282	12.9483911355953	4.60321772880932	16.3816451734068	0.09014648804307	80.8378865656692	9.02778264680105	4.85266057343183	2.01563791160636	25.3594090396895	16.1099912357581	23.6876549392763	17.8765118317266
Seseli_hippomarathrum	Seseli	Apiaceae	4	Core apioids	8.60915750915751	8.73809523809524	2.97728937728938	739.460073260073	23.9443223443223	-5.11208791208791	29.0564102564103	17.33663003663	-0.0750915750915751	17.8388278388278	-1.08388278388278	59.6714285714286	8.42637362637363	3.07509157509158	3.53260073260073	22.9831501831502	9.88168498168498	22.6391941391941	10.2864468864469
Silaum_silaus	Silaum	Apiaceae	2	Core apioids	9.67400162637688	8.65536778295261	3.41389665114216	596.908605012198	23.4528794263325	-1.65713905522289	25.1100184815554	11.609873586161	7.00705995416574	17.2470481259703	1.93914541287795	77.0138981296666	8.29697493901087	4.84236120351889	1.63570340799882	23.1643853034671	15.9105285724847	20.9498366230502	18.5402750055445
Silphiodaucus_prutenicus	Silphiodaucus	Apiaceae	9	Core apioids	8.78614294644718	8.60999166493019	3.19438424671807	653.02838091269	23.3196395082309	-3.56450302146281	26.8841425296937	10.9904042508856	5.44760366743072	17.0503542404668	0.307376536778496	97.1504375911648	11.1115232340071	5.72389039383205	2.15810585538654	31.1804542613044	19.125463638258	28.0086163784122	22.7682954782246
Sinolimprichtia_alpina	Sinolimprichtia	Apiaceae	5	EDAp	5.94787234042553	12.1914893617021	4.26382978723404	579.66914893617	18.4234042553191	-9.96808510638298	28.3914893617021	12.8723404255319	-1.5	12.9	-1.88297872340426	73.0127659574468	16.4563829787234	0.432978723404255	9.23085106382979	42.7148936170213	1.84574468085106	42.6808510638298	1.93297872340426
Sium_latifolium	Sium	Apiaceae	5	Oenantheae	8.52700137651235	7.23495133908088	2.99297495713492	613.218235166268	21.5674370305972	-2.61789707551498	24.1853341061122	13.1083629162742	3.61954164553599	16.3542297568162	0.77346712067425	69.0831727402256	7.51163273684465	3.90858509019778	2.02802530850781	21.2760511000024	12.8833248810645	19.7509744258495	15.7832210389046
Smyrnium_olusatrum	Smyrnium	Apiaceae	9	Core apioids	11.8394493404127	7.59296349006514	3.48876238436696	491.103073512508	23.5632683781269	2.21772948710931	21.3455388910176	8.86294542667907	14.4318599813892	18.2204389950189	5.77626580546281	77.3931988614593	9.60976243910449	3.5759538015217	2.95067874541573	26.5943072965132	12.4315096611747	14.3772209754228	23.3744539931031
Spananthe_paniculata	Spananthe	Apiaceae	5	Azorelloideae	21.431768558952	10.8751091703057	7.23722707423581	118.541593886463	29.0524017467249	13.9025109170306	15.1498908296943	21.7069868995633	20.9692139737991	22.764192139738	19.7722707423581	185.363537117904	31.1443231441048	3.68373362445415	6.76048034934498	82.8771834061135	13.3992358078603	44.7960698689956	31.607423580786
Sphallerocarpus_gracilis	Sphallerocarpus	Apiaceae	6	Core apioids	0.4552	12.5937333333333	2.6396	1278.5164	23.5402666666667	-24.664	48.2042666666667	15.8472	-14.7646666666667	16.0785333333333	-16.8252	45.0028	10.2045333333333	0.637466666666667	8.7272	25.6236	2.33373333333333	25.4274666666667	2.65546666666667
Stefanoffia_daucoides	Stefanoffia	Apiaceae	2	Core apioids	12.46	9.04	3.22	655.84	27.42	0.06	27.36	8.48	17.5	20.88	4.12	58.56	7.92	2.24	3.74	21.68	8.02	10.18	18.8
Steganotaenia_araliacea	Steganotaenia	Apiaceae	6	Saniculoideae	23.0454545454545	12.9060196560197	6.34864864864865	207.058108108108	32.8776412776413	12.5448402948403	20.332800982801	23.3405405405405	21.0911547911548	25.5386977886978	20.3330466830467	97.7277641277641	21.430343980344	0.431941031941032	9.43636363636364	56.8640049140049	1.88058968058968	24.5239557739558	26.835257985258
Thapsia_villosa	Thapsia	Apiaceae	9	Core apioids	13.8507485272658	10.1105388315408	3.72555801761876	578.806090904178	29.041404096633	2.24063665351565	26.8007674431173	10.4996703237313	20.7700264821921	21.5373885315895	6.77904664108523	63.3696265470464	8.56608117602551	1.4483921526239	4.10171323569151	23.2254120953359	7.02543911798087	7.73761552180727	20.1681186834567
Thysselinum_palustre	Thysselinum	Apiaceae	4	Core apioids	7.42218597063622	7.45640070447112	2.8843255175996	654.228130148604	21.270305893047	-4.5285976317434	25.7989035247904	12.6569485362746	2.1548099632344	15.8366966148053	-0.866246256482676	73.7301956774042	8.24445310153961	4.16500288118949	2.1990934398156	23.3509946190743	13.5781191919684	21.6996696777126	16.2238375820733
Tordylium_maximum	Tordylium	Apiaceae	4	Core apioids	11.5280724861477	9.44278771913889	3.64401398855482	576.217494777001	25.7448996275774	0.16493323644291	25.5799663911345	10.4373240076301	13.6952675084022	18.9441229902807	4.16770823871378	75.411481515124	8.50320192569716	4.00811154509946	2.01815332909438	23.0711872104642	14.2722908529385	15.7780316105005	19.9157825415569
Torilis_japonica	Torilis	Apiaceae	9	Core apioids	9.49487055341882	8.02216014492359	3.33088493697673	574.680006092884	22.5044048286104	-1.34561992373015	23.8500247523406	11.4699120339896	5.99702536706905	16.80931395216	2.1277743021744	76.729219186056	8.49144657030481	4.57679155265176	1.83371812796144	23.736179217826	14.9294520212598	20.9646253692451	18.1963600459142
Torricellia_tiliifolia	Torricellia	Torricelliaceae	6	EDAl	17.15	11	4.54583333333333	453.545833333333	27.4875	3.25	24.2375	21.9541666666667	10.9958333333333	22.1166666666667	10.6708333333333	122.929166666667	27.0875	1.05833333333333	8.8125	72.1708333333333	4.15416666666667	70.8	4.5375
Trinia_glauca	Trinia	Apiaceae	4	Core apioids	9.28754783506041	9.05878230210259	3.43518940534033	597.886107408522	23.5721847185794	-2.41820527153115	25.9903899901105	9.45466741196199	10.9868125725588	16.9584512189878	1.63543879262158	89.1252612116782	9.34442533430795	5.24911209528314	1.59502515371716	25.9619340413639	18.6152513221826	20.8273294062003	21.6409468117126
Trocdaris_verticillatum	Trocdaris	Apiaceae	2	Oenantheae	9.94012365045677	8.98197471624989	3.72186029343914	535.408445141644	23.1771837224324	-0.594930331272492	23.7721140537049	8.92312817200332	9.63915843868229	16.8229823751961	3.13299068007751	88.6184792839347	9.85655624250254	5.29342622497001	1.8248980345114	26.819811756021	17.5364196733413	20.4404724554766	23.3394020485374
Turgenia_latifolia	Turgenia	Apiaceae	9	Core apioids	10.7199927299164	9.26586695747001	3.53922210105416	591.970974191203	25.0100327153762	-0.783642311886587	25.7936750272628	12.0032351872047	11.3312431842966	18.3343693202472	3.17057433660487	69.8396219556525	7.81241366775718	3.83834969102145	2.02279171210469	21.4578880407125	13.3970737913486	16.6277171937477	17.0685023627772
Xanthosia_rotundifolia	Xanthosia	Apiaceae	1	Mackinlayoideae	15.2270689655172	10.1801724137931	5.31086206896552	315.3	25.7987931034483	6.7801724137931	19.0186206896552	11.6810344827586	19.0427586206897	19.3506896551724	11.3586206896552	77.6336206896552	12.2462068965517	2.15948275862069	5.14327586206897	33.0972413793103	7.29620689655172	8.1098275862069	32.9281034482759
Zizia_aurea	Zizia	Apiaceae	4	Core apioids	9.18038971807629	11.5647906301824	2.95058043117745	957.547481343284	28.4867122719735	-10.3930348258706	38.8797470978441	18.2270729684909	-2.01424129353234	21.0524150082919	-3.72091625207297	99.252166252073	10.9632566334992	5.35691334991708	2.33482587064677	30.8854684908789	18.0403814262023	29.6039904643449	18.7874585406302
Zosima_orientalis	Zosima	Apiaceae	4	Core apioids	10.06	10.3	3.17	805.59	27.28	-5.41	32.69	13.19	5.11	20.16	-0.42	48.17	7.65	1.74	5.31	20.45	5.87	14.6	9.15
