species;genus;family;family_code;clade;P;E;SP;NP;SE;NE;COSW;COSL;ECT;ENDL;ENDW
Asteriscium_chilense;Asteriscium;Apiaceae;4;Azorelloideae;44.525;19.946;1.314;0.714;1.146;1.08;2.205;12.731;39.037;7.03;5.036
Azorella_acaulis;Azorella;Apiaceae;4;Azorelloideae;22.736;14.469;0.635;0.56;0.754;0.663;1.114;9.066;19.162;5.088;3.327
Azorella_ameghinoi;Azorella;Apiaceae;4;Azorelloideae;21.605;13.262;0.767;0.534;0.895;0.773;1.087;7.967;18.957;5.905;4.027
Azorella_andina;Azorella;Apiaceae;4;Azorelloideae;24.6473333333333;15.0693333333333;0.816;0.685333333333333;0.869333333333333;0.745333333333333;1.18466666666667;9.808;19.92;5.472;3.816
Azorella_haastii;Azorella;Apiaceae;5;Azorelloideae;28.952;19.526;1.912;0.64;1.018;0.712;1;13.406;21.372;8.852;4.486
Azorella_prolifera;Mulinum;Apiaceae;6;Azorelloideae;31.2746666666667;16.2713333333333;0.938;0.64;0.864666666666667;0.707333333333333;1.296;11.5253333333333;23.3426666666667;6.956;3.37933333333333
Azorella_trifoliolata;Azorella;Apiaceae;6;Azorelloideae;25.5646666666667;16.038;0.992;0.64;0.958666666666667;0.765333333333333;1.306;10.4113333333333;21.2433333333333;5.98533333333333;3.96066666666667
Bowlesia_lobata;Bowlesia;Apiaceae;6;Azorelloideae;38.914;25.912;1.28;0.902;1.524;1.186;1.838;6.326;32.842;5.96;3.158
Bowlesia_tropaeolifolia;Bowlesia;Apiaceae;6;Azorelloideae;27.124;18.8306666666667;1.02533333333333;0.816666666666667;1.136;0.931333333333333;1.454;7.03666666666667;22.7373333333333;5.79266666666667;2.612
Domeykoa_oppositifolia;Domeykoa;Apiaceae;6;Azorelloideae;23.494;15.3846666666667;0.742666666666667;0.546;0.729333333333333;0.593333333333333;1.13133333333333;7.87333333333333;20.5946666666667;4.59866666666667;2.45533333333333
Eremocharis_fruticosa;Eremocharis;Apiaceae;6;Azorelloideae;35.5333333333333;19.734;0.920666666666667;0.662666666666667;1.02;0.754666666666667;1.558;12.4313333333333;30.254;7.564;3.87333333333333
Gymnophyton_flexuosum;Gymnophyton;Apiaceae;2;Azorelloideae;32.573;16.842;0.826;0.613;0.97;0.718;1.415;10.167;27.939;6.358;2.858
Gymnophyton_isatidicarpum;Gymnophyton;Apiaceae;2;Azorelloideae;30.433;17.546;0.793;0.554;1.145;0.761;1.454;10.382;25.277;5.753;3.369
Homalocarpus_dichotomus;Homalocarpus;Apiaceae;6;Azorelloideae;43.1393333333333;21.9586666666667;1.92533333333333;0.854666666666667;2.51866666666667;1.24666666666667;1.43866666666667;8.306;31.6266666666667;6.31533333333333;3.66533333333333
Pozoa_coriacea;Pozoa;Apiaceae;5;Azorelloideae;41.064;23.115;0.876;0.606;1.072;0.777;1.746;9.709;33.608;7.481;4.413
Spananthe_paniculata;Spananthe;Apiaceae;5;Azorelloideae;36.196;21.53;1.24533333333333;0.781333333333333;1.434;0.901333333333333;1.78066666666667;8.61666666666667;31.8426666666667;7.34866666666667;4.116
Aciphylla_aurea;Aciphylla;Apiaceae;6;Apioideae;24.306;14.263;0.764;0.579;0.651;0.537;1.312;6.178;19.836;4.947;2.883
Aegopodium_podagraria;Aegopodium;Apiaceae;5;Apioideae;35.876;18.9733333333333;0.984;0.783333333333333;1.094;1.12933333333333;1.72;8.67266666666667;23.4366666666667;5.44466666666667;4.15466666666667
Aethusa_cynapium;Aethusa;Apiaceae;4;Apioideae;27.792;13.61;1.08933333333333;0.756;1.334;1.178;1.57333333333333;8.214;15.7033333333333;4.446;2.616
Ainsworthia_trachycarpa;Tordylium;Apiaceae;4;Apioideae;27.184;11.965;0.858;0.557;1.717;0.921;1.503;10.55;13.17;3.225;2.913
Ammi_majus;Ammi;Apiaceae;2;Apioideae;31.126;14.21;1.155;0.709;2.733;1.116;1.46;8.844;14.694;5.521;2.575
Ammoides_pusilla;Ammoides;Apiaceae;5;Apioideae;17.307;9.39;0.691;0.556;1.597;0.593;0.86;3.863;12.832;2.818;1.448
Anethum_graveolens;Anethum;Apiaceae;2;Apioideae;23.818;11.236;0.97;0.736666666666667;1.59933333333333;0.998;1.17;6.09733333333333;13.0533333333333;3.83466666666667;1.60133333333333
Angelica_archangelica;Angelica;Apiaceae;4;Apioideae;30.6913333333333;13.8806666666667;0.787333333333333;0.552;0.962666666666667;0.945333333333333;1.46666666666667;10.2566666666667;20.6546666666667;5.23866666666667;2.79533333333333
Anthriscus_cerefolium;Anthriscus;Apiaceae;6;Apioideae;27.917;13.414;1.197;0.668;0.907;0.914;1.105;5.136;13.341;4.336;2.955
Anthriscus_sylvestris;Anthriscus;Apiaceae;6;Apioideae;29.556;13.952;0.864666666666667;0.707333333333333;1.11533333333333;1.13133333333333;1.674;9.628;17.924;5.27666666666667;2.90933333333333
Aphanopleura_capillifolia;Aphanopleura;Apiaceae;2;Apioideae;23.3806666666667;11.9066666666667;0.790666666666667;0.602666666666667;0.890666666666667;0.724;0.956666666666667;9.68266666666667;13.488;2.85733333333333;2.3
Arracacia_aegopodioides;Arracacia;Apiaceae;4;Apioideae;28.6773333333333;14.748;0.752666666666667;0.642666666666667;1.02266666666667;0.946;1.46533333333333;9.34133333333333;22.168;4.86066666666667;2.916
Arracacia_longipedunculata;Arracacia;Apiaceae;4;Apioideae;30.83;15.308;0.91;0.608;0.806;0.812;1.488;7.446;20.888;6.852;2.802
Arracacia_tolucensis;Arracacia;Apiaceae;4;Apioideae;32.343;15.034;0.737;0.661;1.058;0.913;1.372;9.052;20.861;5.157;3.12
Astrodaucus_orientalis;Astrodaucus;Apiaceae;9;Apioideae;37.396;15.1206666666667;0.95;0.702666666666667;2.242;0.888;1.34;13.3566666666667;23.4586666666667;3.90666666666667;3.19
Athamanta_cretensis;Athamanta;Apiaceae;6;Apioideae;39.4575;17.963;1.4115;0.751;1.1335;1.097;1.413;9.841;22.8695;5.1625;3.9825
Bifora_radians;Bifora;Apiaceae;4;Apioideae;30.4366666666667;12.336;0.817333333333333;0.610666666666667;0.961333333333333;1.07666666666667;1.35266666666667;8.134;17.202;2.91733333333333;2.56933333333333
Carum_buriaticum;Carum;Apiaceae;5;Apioideae;25.264;19.122;0.958;0.694;0.892;0.68;0.976;9.948;17.566;3.624;4.018
Carum_carvi;Carum;Apiaceae;5;Apioideae;29.6793333333333;13.1693333333333;0.969333333333333;0.733333333333333;1.09466666666667;1.17133333333333;1.516;6.596;18.7706666666667;4.54666666666667;2.52333333333333
Chaerophyllum_aromaticum;Chaerophyllum;Apiaceae;9;Apioideae;26.302;10.794;0.624;0.486;1.008;1.228;1.206;4.548;15.756;3.682;2.64
Chaerophyllum_aureum;Chaerophyllum;Apiaceae;9;Apioideae;31.6866666666667;13.15;0.901333333333333;0.612666666666667;1.008;1.01733333333333;1.26533333333333;6.922;16.8046666666667;3.576;2.66866666666667
Chaerophyllum_hirsutum;Chaerophyllum;Apiaceae;6;Apioideae;30.783;13.921;0.829;0.633;1.015;0.84;1.269;7.483;18.204;4.128;2.913
Chaerophyllum_temulum;Chaerophyllum;Apiaceae;4;Apioideae;24.756;11.5746666666667;0.762;0.644666666666667;0.924666666666667;0.83;0.962;5.37133333333333;13.112;3.30666666666667;2.26266666666667
Conioselinum_tataricum;Conioselinum;Apiaceae;2;Apioideae;29.706;13.692;1.202;0.626;0.904666666666667;0.769333333333333;1.312;10.2433333333333;16.6246666666667;5.08333333333333;2.882
Conopodium_majus;Conopodium;Apiaceae;6;Apioideae;29.468;14.3613333333333;0.945333333333333;0.688;1.23533333333333;0.864666666666667;1.224;8.87466666666667;16.3766666666667;4.11;2.90066666666667
Coriandrum_sativum;Coriandrum;Apiaceae;4;Apioideae;31.522;13.178;1.08333333333333;0.697333333333333;1.062;1.112;1.426;8.41066666666667;16.4953333333333;3.128;2.70866666666667
Crithmum_maritimum;Crithmum;Apiaceae;5;Apioideae;25.7228571428571;13.3557142857143;0.685;0.499285714285714;0.842857142857143;0.726428571428571;1.36285714285714;10.1346666666667;20.256;4.572;2.28933333333333
Cymbocarpum_erythraeum;Cymbocarpum;Apiaceae;5;Apioideae;27.674;15.988;0.863;0.619;1.894;0.922;1.431;9.819;15.819;5.865;3.011
Daucus_carota;Daucus;Apiaceae;9;Apioideae;28.9213333333333;13.9286666666667;1.14266666666667;0.828666666666667;1.376;1.146;1.38533333333333;9.62266666666667;13.468;3.65;2.618
Echinophora_chrysantha;Echinophora;Apiaceae;5;Apioideae;38.284;16.7046666666667;1.28;0.822666666666667;1.17333333333333;0.97;1.29933333333333;12.716;22.0213333333333;3.76933333333333;3.256
Echinophora_tenuifolia;Echinophora;Apiaceae;5;Apioideae;35.398;17.604;1.114;0.77;1.07;1.006;1.208;10.218;20.168;2.754;3.838
Elaeosticta_allioides;Elaeosticta;Apiaceae;5;Apioideae;26.96;13.044;1.735;0.699;1.742;0.889;1.203;6.248;16.12;5.395;2.566
Elwendia_persica;Elwendia;Apiaceae;6;Apioideae;23.798;12.11;1.09133333333333;0.568;1.206;0.785333333333333;1.14866666666667;5.89;14.9693333333333;4.12133333333333;2.48066666666667
Falcaria_vulgaris;Falcaria;Apiaceae;5;Apioideae;26.7733333333333;13.318;1.03866666666667;0.71;1.986;1.29;1.348;10.702;14.768;3.33133333333333;2.58666666666667
Ferula_glauca;Ferula;Apiaceae;9;Apioideae;39.504;20.29;1.16133333333333;0.806;0.864;0.873333333333333;1.93133333333333;17.3893333333333;28.636;7.06466666666667;4.424
Ferulago_macrosciadea;Ferulago;Apiaceae;2;Apioideae;36.852;17.222;1.386;0.896;1.228;0.904;1.02;9.732;20.596;5.114;3.65
Heracleum_pastinacifolium;Heracleum;Apiaceae;5;Apioideae;47.53;22.507;2.005;0.916;1.84;1.358;1.878;15.142;24.877;6.325;4.644
Heracleum_sphondylium;Heracleum;Apiaceae;6;Apioideae;35.3946666666667;17.3526666666667;1.95933333333333;0.860666666666667;1.54466666666667;1.70466666666667;1.91333333333333;9.704;19.496;5.61066666666667;2.96666666666667
Laserpitium_archangelica;Laser;Apiaceae;9;Apioideae;37.7206666666667;19.224;1.124;0.823333333333333;1.05666666666667;1.00266666666667;2.11266666666667;15.082;24.7773333333333;6.12466666666667;4.178
Laserpitium_latifolium;Laserpitium;Apiaceae;9;Apioideae;29.6993333333333;15.454;0.866666666666667;0.66;0.808666666666667;0.899333333333333;1.57066666666667;9.35933333333333;19.2946666666667;5.256;3.17266666666667
Lecokia_cretica;Lecokia;Apiaceae;9;Apioideae;36.0633333333333;17.8586666666667;1.29066666666667;0.821333333333333;0.837333333333333;0.838;1.46;11.1526666666667;22.3153333333333;5.55466666666667;4.13466666666667
Levisticum_officinale;Levisticum;Apiaceae;2;Apioideae;28.1766666666667;13.8426666666667;0.952;0.714;0.852666666666667;0.758;1.24133333333333;9.746;17.4053333333333;4.716;2.744
Ligusticum_scoticum;Ligusticum;Apiaceae;6;Apioideae;30.3806666666667;17.358;0.810666666666667;0.584;0.883333333333333;0.707333333333333;1.662;12.724;24.2773333333333;5.39533333333333;3.47066666666667
Lomatium_bicolor;Lomatium;Apiaceae;4;Apioideae;34.856;16.914;1.488;0.864;1.47;1.092;1.402;5.978;24.13;6.244;3.526
Meum_athamanticum;Meum;Apiaceae;5;Apioideae;26.62;16.4166666666667;1.06533333333333;0.636666666666667;0.81;0.662;1.422;8.93533333333333;21.6166666666667;5.23733333333333;3.266
Mutellina_purpurea;Mutellina;Apiaceae;5;Apioideae;24.9586666666667;15.9006666666667;0.833333333333333;0.638;0.734;0.621333333333333;1.38733333333333;9.44933333333333;20.8893333333333;5.164;3.10266666666667
Opopanax_hispidus;Opopanax;Apiaceae;2;Apioideae;31.0853333333333;14.856;0.838;0.636666666666667;1.01933333333333;0.98;1.528;9.87133333333333;17.7486666666667;4.90333333333333;3.07333333333333
Osmorhiza_aristata;Osmorhiza;Apiaceae;6;Apioideae;30.738;17.538;0.902;0.594;0.848;0.964;1.456;8.09;17.112;3.502;3.042
Pachypleurum_alpinum;Ligusticum;Apiaceae;4;Apioideae;32.221;13.885;1.242;0.668;1.118;0.821;1.367;9.244;17.301;4.894;3.5
Pastinaca_armena;Pastinaca;Apiaceae;6;Apioideae;35.637;18.342;1.33;0.745;2.118;1.137;1.607;11.143;18.179;6.977;3.546
Pastinaca_sativa;Pastinaca;Apiaceae;4;Apioideae;31.2466666666667;15.434;0.84;0.629333333333333;1.25;1.12333333333333;1.26533333333333;8.72733333333333;18.0153333333333;5.31933333333333;2.86266666666667
Petroselinum_crispum;Petroselinum;Apiaceae;2;Apioideae;26.2346666666667;12.3786666666667;0.781333333333333;0.576;1.38066666666667;0.95;1.35533333333333;7.79266666666667;15.53;4.21866666666667;2.32666666666667
Pimpinella_anisum;Pimpinella;Apiaceae;2;Apioideae;32.538;16.4346666666667;1.22133333333333;0.746;1.42866666666667;0.856666666666667;1.38533333333333;10.2913333333333;17.8253333333333;4.01733333333333;3.86466666666667
Pimpinella_peregrina;Pimpinella;Apiaceae;2;Apioideae;27.914;12.478;0.720666666666667;0.542;1.90866666666667;0.804666666666667;1.13866666666667;8.77266666666667;14.1733333333333;3.06866666666667;2.402
Pimpinella_saxifraga;Pimpinella;Apiaceae;2;Apioideae;29.38;15.53;0.873;0.624;1.659;1.049;1.328;8.26;14.541;4.603;3.019
Pleurospermum_hookeri;Pleurospermum;Apiaceae;6;Apioideae;29.25;16.595;1.335;0.654;0.85;0.691;1.45;9.681;23.878;5.843;3.106
Prangos_ferulacea;Prangos;Apiaceae;2;Apioideae;51.527;21.723;1.33;0.882;1.598;1.453;1.976;13.332;28.206;6.099;4.538
Pycnocycla_spinosa;Pycnocycla;Apiaceae;5;Apioideae;39.568;18.78;1.935;1.031;1.151;1.073;1.351;9.955;20.62;4.369;3.551
Rutheopsis_herbanica;Rutheopsis;Apiaceae;2;Apioideae;34.224;17.209;1.208;0.968;1.876;1.192;1.703;7.403;21.157;5.624;3.125
Scaligeria_napiformis;Scaligeria;Apiaceae;2;Apioideae;32.9813333333333;12.8753333333333;1.174;0.735333333333333;2.096;1.12466666666667;1.37066666666667;9.384;19.8466666666667;4.40933333333333;2.63866666666667
Scandix_pecten-veneris;Scandix;Apiaceae;6;Apioideae;48.7013333333333;21.726;1.00933333333333;0.825333333333333;1.71266666666667;1.26666666666667;2.126;16.3846666666667;20.6653333333333;6.36066666666667;4.97133333333333
Scandix_stellata;Scandix;Apiaceae;6;Apioideae;28.917;17.17;0.967;0.669;0.917;0.893;1.013;8.573;15.998;4.037;3.166
Schrenkia_vaginata;Schrenkia;Apiaceae;2;Apioideae;30.6953333333333;14.5613333333333;1.66466666666667;0.75;1.53066666666667;0.999333333333333;1.32466666666667;9.716;16.1453333333333;4.39466666666667;2.87933333333333
Seseli_annuum;Seseli;Apiaceae;4;Apioideae;24.6473333333333;13.3486666666667;0.656;0.51;1.02533333333333;0.743333333333333;1.104;9.72;18.4086666666667;4.664;2.566
Seseli_hippomarathrum;Seseli;Apiaceae;4;Apioideae;26.804;12.68;0.932;0.602;0.732;0.664;1.088;7.668;18.756;4.212;2.99
Silaum_silaus;Silaum;Apiaceae;2;Apioideae;27.914;14.1506666666667;0.814666666666667;0.61;0.99;0.829333333333333;1.34533333333333;8.41733333333333;18.576;5.10133333333333;2.8
Silphiodaucus_prutenicus;Silphiodaucus;Apiaceae;9;Apioideae;27.842;14.6113333333333;0.83;0.612;0.781333333333333;0.902666666666667;1.42533333333333;9.166;19.03;5.17133333333333;3.04533333333333
Smyrnium_olusatrum;Smyrnium;Apiaceae;9;Apioideae;32.2853333333333;19.8313333333333;0.929333333333333;0.654;0.961333333333333;0.785333333333333;1.404;11.286;24.0566666666667;5.92466666666667;5.18533333333333
Sphallerocarpus_gracilis;Sphallerocarpus;Apiaceae;6;Apioideae;27.831;12.525;0.982;0.638;0.767;0.751;1.038;9.133;16.616;5.202;2.722
Stefanoffia_daucoides;Stefanoffia;Apiaceae;2;Apioideae;29.035;12.48;1.386;0.617;0.975;0.942;1.1;8.858;14.117;2.88;2.292
Thapsia_villosa;Thapsia;Apiaceae;9;Apioideae;36.4666666666667;18.06;0.979333333333333;0.697333333333333;0.902;1.05133333333333;1.77866666666667;14.67;23.1826666666667;7.41333333333333;4.26266666666667
Thysselinum_palustre;Thysselinum;Apiaceae;4;Apioideae;29.1986666666667;13.942;0.741333333333333;0.63;1.10666666666667;1.07866666666667;1.49333333333333;10.8193333333333;18.3513333333333;5.09533333333333;2.94866666666667
Tordylium_maximum;Tordylium;Apiaceae;4;Apioideae;36.4366666666667;17.0213333333333;1.22066666666667;0.848;1.69666666666667;1.36;1.32133333333333;10.1806666666667;18.1373333333333;5.88733333333333;3.64866666666667
Torilis_japonica;Torilis;Apiaceae;9;Apioideae;25.8446666666667;11.5293333333333;0.646666666666667;0.491333333333333;1.186;0.863333333333333;1.202;8.57733333333333;13.3113333333333;3.89333333333333;2.39933333333333
Trinia_glauca;Trinia;Apiaceae;4;Apioideae;23.3473333333333;13.11;0.66;0.51;0.75;0.567333333333333;1.17466666666667;6.09;18.9946666666667;5.208;2.52933333333333
Turgenia_latifolia;Turgenia;Apiaceae;9;Apioideae;65.6573333333333;35.9233333333333;1.29333333333333;2.274;9.57266666666667;2.67266666666667;3.578;21.1473333333333;33.5213333333333;8.66733333333333;4.45466666666667
Zizia_aurea;Zizia;Apiaceae;4;Apioideae;28.234;13.926;0.854666666666667;0.641333333333333;1.332;0.849333333333333;1.26;7.89;21.7813333333333;4.64;2.54866666666667
Zosima_orientalis;Zosima;Apiaceae;4;Apioideae;32.985;15.077;1.132;0.788;1.203;0.908;1.752;13.39;19;4.534;3.896
Aralia_spinosa;Aralia;Araliaceae;5;Araliaceae;33.4173333333333;30.9946666666667;1.83066666666667;1.056;1.64066666666667;1.17466666666667;1.76266666666667;10.6973333333333;25.2306666666667;9.37066666666667;4.576
Dendropanax_arboreus;Dendropanax;Araliaceae;5;Araliaceae;27.7086666666667;25.6333333333333;0.944;0.794;0.930666666666667;0.822666666666667;1.636;7.00866666666667;20.206;10.4946666666667;3.35
Fatsia_japonica;Fatsia;Araliaceae;4;Araliaceae;35.5633333333333;36.8733333333333;0.956666666666667;1.292;0.813333333333333;1.194;2.464;9.152;21.888;12.89;5.12066666666667
Harmsiopanax_ingens;Harmsiopanax;Araliaceae;4;Araliaceae;25.346;21.79;0.883;1.14;0.862;1.083;1.505;7.158;20.078;9.476;3.351
Heptapleurum_heptaphyllum;Schefflera;Araliaceae;5;Araliaceae;29.5593333333333;24.1346666666667;0.864666666666667;0.752;0.772666666666667;0.719333333333333;1.64466666666667;7.92866666666667;21.9846666666667;8.35533333333333;3.47133333333333
Hydrocotyle_vulgaris;Hydrocotyle;Araliaceae;5;Araliaceae;21.5913333333333;18.3993333333333;1.41066666666667;0.632;0.884;0.688666666666667;1.52666666666667;8.44733333333333;17.9526666666667;4.98933333333333;2.69466666666667
Panax_quinquefolius;Panax;Araliaceae;4;Araliaceae;32.609;31.295;0.945;1.4;0.839;1.483;2.054;10.433;23.958;11.689;5.204
Pseudopanax_crassifolius;Pseudopanax;Araliaceae;6;Araliaceae;31.6666666666667;27.5273333333333;1.576;1.11666666666667;1.21933333333333;1.014;1.84466666666667;9.508;26.9426666666667;9.14933333333333;4.20666666666667
Griselinia_lucida;Griselinia;Griseliniaceae;5;Griseliniaceae;29.208;21.644;1.004;1.055;0.978;0.908;1.741;8.373;24.046;6.975;3.11
Myodocarpus_fraxinifolius;Myodocarpus;Myodocarpaceae;6;Myodocarpaceae;17.456;17.24;0.846;0.801;0.818;0.782;1.142;6.352;13.327;4.71;2.698
Pennantia_corymbosa;Pennantia;Pennantiaceae;5;Pennantiaceae;20.757;17.446;0.823;0.941;0.738;0.719;1.235;5.645;17.625;5.273;2.785
Hymenosporum_flavum;Hymenosporum;Pittosporaceae;6;Pittosporaceae;40.441;39.386;0.987;0.831;1.143;0.808;2.161;11.304;35.663;16.051;7.058
Torricellia_tiliifolia;Torricellia;Torricelliaceae;6;Torricelliaceae;24.67;24.972;0.74;0.838;0.6;0.752;0;0;10.53;2.06;2.03
Annesorhiza_altiscapa;Annesorhiza;Apiaceae;6;Apioideae;30.0566666666667;20.5326666666667;0.888666666666667;0.574666666666667;0.872;0.690666666666667;1.432;10.56;25.8973333333333;7.07466666666667;4.12066666666667
Bupleurum_aureum;Bupleurum;Apiaceae;5;Apioideae;26.038;16.635;0.823;0.643;0.723;0.64;1.165;6.009;17.759;4.413;2.65
Bupleurum_balansae;Bupleurum;Apiaceae;6;Apioideae;25.28;17.716;0.912;0.702;0.804;0.698;0.91;7.614;18.514;3.518;2.968
Bupleurum_falcatum;Bupleurum;Apiaceae;5;Apioideae;22.822;14.732;0.943333333333333;0.693333333333333;0.876666666666667;0.781333333333333;1.00466666666667;5.57933333333333;16.2086666666667;4.766;2.702
Bupleurum_fruticosum;Bupleurum;Apiaceae;6;Apioideae;26.758;16.098;0.971333333333333;0.591333333333333;0.803333333333333;0.679333333333333;1.47733333333333;7.75866666666667;22.28;8.058;2.798
Bupleurum_longifolium;Bupleurum;Apiaceae;6;Apioideae;26.146;18.618;0.898;0.722;0.702;0.7;1.098;6.99;17.932;6.392;3.762
Bupleurum_praealtum;Bupleurum;Apiaceae;5;Apioideae;21.4266666666667;15.904;0.718;0.522;0.716;0.602666666666667;0.902;6.16666666666667;15.702;4.29;2.74533333333333
Bupleurum_ranunculoides;Bupleurum;Apiaceae;5;Apioideae;21.0373333333333;14.8646666666667;0.83;0.588666666666667;0.74;0.558;0.875333333333333;5.52866666666667;14.8673333333333;4.75666666666667;2.70066666666667
Bupleurum_rotundifolium;Bupleurum;Apiaceae;5;Apioideae;19.154;14.35;0.664;0.566666666666667;0.683333333333333;0.567333333333333;0.871333333333333;5.88933333333333;15.58;4.67066666666667;2.76866666666667
Bupleurum_stellatum;Bupleurum;Apiaceae;5;Apioideae;29.258;17.962;0.909;0.576;0.896;0.696;1.144;7.407;20.09;6.294;2.56
Bupleurum_tenuissimum;Bupleurum;Apiaceae;5;Apioideae;19.574;15.259;0.817;0.572;0.785;0.612;0.92;4.934;14.826;4.207;2.943
Chamaesium_paradoxum;Chamaesium;Apiaceae;6;Apioideae;27.618;15.652;0.707;0.554;0.688;0.602;1.573;11.054;24.034;7.29;3.165
Cyclorhiza_peucedanifolia;Cyclorhiza;Apiaceae;1;Apioideae;24.068;16.864;0.982;0.730666666666667;0.917333333333333;0.759333333333333;1.50733333333333;11.3893333333333;20.3913333333333;4.656;4.418
Eremodaucus_lehmannii;Eremodaucus;Apiaceae;6;Apioideae;38.0386666666667;14.686;1.32866666666667;0.87;1.61933333333333;1.06933333333333;1.318;11.0206666666667;21.678;2.39066666666667;2.94333333333333
Erigenia_bulbosa;Erigenia;Apiaceae;2;Apioideae;33.634;21.441;1.046;0.721;0.907;0.861;1.486;11.912;27.674;6.529;4.287
Haplosphaera_phaea;Haplosphaera;Apiaceae;1;Apioideae;26.548;17.746;0.769;0.533;0.828;0.623;1.242;12.97;18.699;5.249;4.173
Heteromorpha_arborescens;Heteromorpha;Apiaceae;6;Apioideae;25.0293333333333;16.306;0.822666666666667;0.693333333333333;0.858666666666667;0.76;1.192;6.394;20.7786666666667;5.78333333333333;2.85266666666667
Lichtensteinia_trifida;Lichtensteinia;Apiaceae;6;Apioideae;34.6433333333333;21.582;0.969333333333333;0.746;1.15466666666667;1.052;1.59533333333333;12.3973333333333;27.7706666666667;7.48933333333333;3.724
Molopospermum_peloponnesiacum;Molopospermum;Apiaceae;6;Apioideae;27.1733333333333;20.52;0.893333333333333;0.714666666666667;0.92;0.650666666666667;1.16133333333333;7.51066666666667;18.852;5.84133333333333;3.638
Physospermum_cornubiense;Physospermum;Apiaceae;6;Apioideae;29.3846666666667;20.6393333333333;0.928;0.676666666666667;0.83;0.640666666666667;1.38533333333333;13.9966666666667;24.4586666666667;6.00733333333333;4.35733333333333
Pleurospermopsis_sikkimensis;Pleurospermopsis;Apiaceae;5;Apioideae;25.4906666666667;17.93;0.752666666666667;0.617333333333333;0.786;0.59;1.40866666666667;12.962;22.0673333333333;7.482;3.59333333333333
Pleurospermum_uralense;Pleurospermum;Apiaceae;9;Apioideae;24.792;17.017;0.819;0.66;0.751;0.618;1.147;10.996;19.711;3.948;3.608
Sinolimprichtia_alpina;Sinolimprichtia;Apiaceae;5;Apioideae;29.739;17.832;0.723;0.559;0.783;0.625;1.173;12.385;25.32;5.068;4.483
Hermas_villosa;Hermas;Apiaceae;5;Hermas;36.8093333333333;23.6286666666667;0.993333333333333;0.744;1.00933333333333;0.743333333333333;1.96266666666667;11.4313333333333;29.9586666666667;9.876;4.516
Klotzschia_brasiliensis;Klotzschia;Apiaceae;4;Klotzschia;29.031;16.85;0.968;0.907;0.986;0.779;1.856;10.482;24.841;7.579;2.844
Actinotus_helianthi;Actinotus;Apiaceae;6;Mackinlayoideae;35.1086666666667;20.6186666666667;2.06733333333333;0.725333333333333;1.54066666666667;0.928666666666667;1.70666666666667;8.78133333333333;29.8106666666667;10.8126666666667;4.74733333333333
Centella_asiatica;Centella;Apiaceae;1;Mackinlayoideae;33.532;19.747;1.086;0.772;1.288;1.341;1.782;8.592;27.092;7.271;3.261
Xanthosia_rotundifolia;Xanthosia;Apiaceae;1;Mackinlayoideae;33.518;22.9153333333333;2.09266666666667;0.91;1.80866666666667;0.996;1.868;10.2906666666667;28.9653333333333;10.1166666666667;5.22266666666667
Cicuta_virosa;Cicuta;Apiaceae;2;Apioideae;34.4373333333333;17.292;0.746;0.575333333333333;0.936;0.811333333333333;1.92066666666667;13.8873333333333;27.5833333333333;6.51133333333333;3.21866666666667
Cryptotaenia_canadensis;Cryptotaenia;Apiaceae;10;Apioideae;25.1393333333333;15.0753333333333;0.807333333333333;0.642;0.982;0.696666666666667;1.164;6.154;19.2193333333333;5.59866666666667;2.67266666666667
Helosciadium_nodiflorum;Helosciadium;Apiaceae;10;Apioideae;24.1746666666667;13.584;0.758;0.495333333333333;0.86;0.65;1.16133333333333;5.99933333333333;19.2986666666667;5.306;2.264
Neogoezia_gracilipes;Neogoezia;Apiaceae;10;Apioideae;35.958;18.18;0.752;0.76;1.214;1.666;1.698;12.526;31.44;8.238;3.828
Oenanthe_aquatica;Oenanthe;Apiaceae;6;Apioideae;28.632;14.4613333333333;0.842;0.631333333333333;1.11866666666667;0.922;1.548;7.144;23.234;3.50466666666667;2.97466666666667
Oxypolis_fendleri;Oxypolis;Apiaceae;6;Apioideae;34.944;21.297;1.187;0.801;1.215;0.95;1.759;8.863;28.958;8.722;4.318
Perideridia_kelloggii;Perideridia;Apiaceae;6;Apioideae;28.9053333333333;14.4266666666667;1.07333333333333;0.660666666666667;0.75;0.869333333333333;1.54;8.24533333333333;20.6833333333333;5.114;3.136
Ptilimnium_capillaceum;Ptilimnium;Apiaceae;5;Apioideae;25.9626666666667;15.4386666666667;1.05;0.638;0.979333333333333;1.264;1.35466666666667;6.60866666666667;17.5433333333333;6.132;2.73733333333333
Sium_latifolium;Sium;Apiaceae;5;Apioideae;33.728;18.0113333333333;0.856;0.707333333333333;1.02933333333333;0.952;1.606;11.374;27.7166666666667;6.69466666666667;3.35066666666667
Trocdaris_verticillatum;Trocdaris;Apiaceae;2;Apioideae;27.6886666666667;15.3153333333333;0.856666666666667;0.628666666666667;1.08533333333333;1.11666666666667;1.54;8.98;23.0013333333333;6.93133333333333;2.78066666666667
Platysace_ericoides;Platysace;Apiaceae;4;Platysace;25.536;16.162;1.012;0.616;1.128;0.656;1.384;5.088;20.932;5.166;2.196
Platysace_lanceolata;Platysace;Apiaceae;4;Platysace;30.3806666666667;19.5733333333333;1.12;0.802666666666667;1.242;0.914666666666667;1.764;5.514;26.0553333333333;5.394;2.24533333333333
Actinolema_eryngioides;Actinolema;Apiaceae;6;Saniculoideae;41.2953333333333;20.938;1.15133333333333;0.815333333333333;1.508;1.06733333333333;1.78466666666667;10.2093333333333;35.732;10.0833333333333;3.91733333333333
Alepidea_amatymbica;Alepidea;Apiaceae;5;Saniculoideae;36.7953333333333;19.178;0.818666666666667;0.6;0.861333333333333;0.772666666666667;1.52533333333333;9.516;31.026;8.80133333333333;3.45733333333333
Alepidea_peduncularis;Alepidea;Apiaceae;5;Saniculoideae;40.189;19.7;0.807;0.605;0.856;0.696;1.538;10.081;35.122;9.429;3.186
Arctopus_echinatus;Arctopus;Apiaceae;1;Saniculoideae;39.8286666666667;21.2813333333333;0.892666666666667;0.675333333333333;1.03333333333333;0.882;1.82266666666667;9.96066666666667;35.8633333333333;7.45933333333333;2.96666666666667
Eryngium_campestre;Eryngium;Apiaceae;1;Saniculoideae;43.148;22.08;0.897;0.664;0.902;0.926;1.669;13.009;27.744;8.646;5.163
Eryngium_ebracteatum;Eryngium;Apiaceae;6;Saniculoideae;30.4273333333333;16.4753333333333;0.811333333333333;0.629333333333333;0.891333333333333;0.767333333333333;1.53466666666667;9.78533333333333;26.126;6.69466666666667;3.62266666666667
Sanicula_canadensis;Sanicula;Apiaceae;6;Saniculoideae;44.703;22.877;1.044;0.747;1.005;0.79;1.995;8.632;35.261;7.256;3.984
Sanicula_crassicaulis;Sanicula;Apiaceae;6;Saniculoideae;48.899;25.492;0.958;0.817;0.951;0.819;1.495;10.55;40.066;7.574;4.462
Sanicula_epipactis;Sanicula;Apiaceae;6;Saniculoideae;49.0626666666667;25.9746666666667;0.906;0.800666666666667;1;0.802;1.65733333333333;9.41666666666667;33.0313333333333;6.04733333333333;4.98066666666667
Sanicula_europaea;Sanicula;Apiaceae;6;Saniculoideae;42.708;19.1113333333333;1.16466666666667;0.760666666666667;1.06333333333333;0.868666666666667;1.652;10.4106666666667;36.5693333333333;6.53133333333333;3.59733333333333
Steganotaenia_araliacea;Steganotaenia;Apiaceae;6;Saniculoideae;32.732;19.6893333333333;0.782666666666667;0.524;0.751333333333333;0.576;1.61733333333333;10.3953333333333;28.8026666666667;9.646;4.78466666666667

