species	genus	family	family_code	clade	P	P/E	WP/P	WE/P	NP/WP	NE/WE	COSW/NP	ECT/P	COSL/NP	ENDL/P	ENDL/ENDW	VOL	P.SHAPE	E.SHAPE
Asteriscium_chilense	Asteriscium	Apiaceae	4	Azorelloideae	44.525	2.23227714830041	0.0455474452554745	0.0499943851768669	0.35207100591716	0.485175202156334	3.08823529411765	0.876743402582819	17.8305322128852	0.157888826501965	1.39594916600477	26992.5882908042	-0.00582529183478754	0.0691383195566707
Azorella_acaulis	Azorella	Apiaceae	4	Azorelloideae	22.736	1.57135945815191	0.0525598170302604	0.0623240675580577	0.468619246861925	0.467889908256881	1.98928571428571	0.84280436312456	16.1892857142857	0.223786066150598	1.52930568079351	5549.64577137162	-0.0464572326628446	-0.0647318114885746
Azorella_ameghinoi	Azorella	Apiaceae	4	Azorelloideae	21.605	1.6290906348967	0.0602175422355936	0.0772043508447119	0.410453497309762	0.463429256594724	2.03558052434457	0.877435778754918	14.9194756554307	0.273316361953252	1.46635212316861	4472.68314142428	-0.0689990071223892	-0.0649139320441405
Azorella_andina	Azorella	Apiaceae	4	Azorelloideae	24.6473333333333	1.63559546982835	0.0609126071785995	0.0655108057666821	0.456483126110124	0.461601981833196	1.72859922178989	0.808201022422981	14.3112840466926	0.222011847123421	1.43396226415094	5738.51351037913	-0.0549897810247899	-0.0308582027818818
Azorella_haastii	Azorella	Apiaceae	5	Azorelloideae	28.952	1.48274096077026	0.088145896656535	0.0597540757115225	0.250783699059561	0.411560693641618	1.5625	0.738187344570323	20.946875	0.305747444045316	1.97325011145787	12964.3926167822	-0.0695223453519074	-0.13432488556268
Azorella_prolifera	Mulinum	Apiaceae	6	Azorelloideae	31.2746666666667	1.92207153685419	0.0504561732605729	0.0502643246930422	0.405576679340938	0.449957591178965	2.025	0.746376193724421	18.0083333333333	0.222416439290586	2.05839416058394	10534.8226177175	-0.0153895254633309	0.0190320381824474
Azorella_trifoliolata	Azorella	Apiaceae	6	Azorelloideae	25.5646666666667	1.59400590264788	0.0638381098912561	0.06743682687042	0.392156862745098	0.443928847641144	2.040625	0.830964612616369	16.2677083333333	0.234125224919811	1.51119340178421	6329.19986159217	-0.0541016564077561	-0.0154131150721231
Bowlesia_lobata	Bowlesia	Apiaceae	6	Azorelloideae	38.914	1.50177523927138	0.0560723647016498	0.0696407462609858	0.413382218148488	0.437638376383764	2.03769401330377	0.843963612067636	7.01330376940133	0.153158246389474	1.88727042431919	27614.4315676162	-0.020447634089761	-0.0821199918737014
Bowlesia_tropaeolifolia	Bowlesia	Apiaceae	6	Azorelloideae	27.124	1.44041634213694	0.0679103377083025	0.076217863638598	0.443358668114369	0.45049983876169	1.78040816326531	0.838273607629159	8.61632653061224	0.213562404758394	2.21771311893824	10313.029822464	-0.00400712152935786	-0.100029508062214
Domeykoa_oppositifolia	Domeykoa	Apiaceae	6	Azorelloideae	23.494	1.5271049096503	0.0548508839136234	0.0562980619165177	0.423693740300052	0.448588709677419	2.07203907203907	0.876592605204167	14.4200244200244	0.19573791890128	1.87292967689384	6356.14990039681	-0.0195960237246111	-0.0832710549524779
Eremocharis_fruticosa	Eremocharis	Apiaceae	6	Azorelloideae	35.5333333333333	1.8006148440931	0.0445590994371483	0.0499437148217637	0.418526315789474	0.425244177310293	2.35110663983903	0.85142589118199	18.7595573440643	0.212870544090056	1.95283993115319	14304.3799734364	-0.0125565793349105	0.0384492781268222
Gymnophyton_flexuosum	Gymnophyton	Apiaceae	2	Azorelloideae	32.573	1.93403396271227	0.0441776931814693	0.0518220612163448	0.425990271021543	0.425355450236967	2.30831973898858	0.857734933840911	16.5856443719413	0.195192337211801	2.22463261021693	9646.75714533401	0.0252470847208352	0.0715661947197263
Gymnophyton_isatidicarpum	Gymnophyton	Apiaceae	2	Azorelloideae	30.433	1.73446939473384	0.0442611638681694	0.0626293825781224	0.411284335560505	0.399265477439664	2.62454873646209	0.830578648177965	18.7400722021661	0.189038215095456	1.70762837637281	12273.8606670014	-0.00367401717383821	-0.0410004983920082
Homalocarpus_dichotomus	Homalocarpus	Apiaceae	6	Azorelloideae	43.1393333333333	1.96456979780193	0.0644423495958831	0.0872830672703954	0.307434052757794	0.331090651558074	1.68330733229329	0.733128312908561	9.71840873634945	0.146393855568777	1.72299017824664	19142.6008854819	0.0241116287666158	0.101923217605174
Pozoa_coriacea	Pozoa	Apiaceae	5	Azorelloideae	41.064	1.7765087605451	0.0360900058445354	0.0450272744983441	0.408906882591093	0.420227149810708	2.88118811881188	0.818429768166764	16.0214521452145	0.182179037599844	1.69521867210514	23977.2592295139	-0.0049245356064191	0.0214432560076569
Spananthe_paniculata	Spananthe	Apiaceae	5	Azorelloideae	36.196	1.68118903855086	0.0559914539359781	0.0645190997163591	0.385526315789474	0.385954895803597	2.27901023890785	0.879728883486206	11.028156996587	0.2030242752422	1.78539034661484	21468.6542418829	-0.00930438859837391	-0.0844265268948183
Aciphylla_aurea	Aciphylla	Apiaceae	6	Apioideae	24.306	1.70412956600996	0.0552538467868016	0.0488768205381387	0.431124348473567	0.452020202020202	2.26597582037997	0.816094791409528	10.6701208981002	0.203529992594421	1.7159209157128	6128.84429582241	-0.0094180826933504	-0.0573417564707711
Aegopodium_podagraria	Aegopodium	Apiaceae	5	Apioideae	35.876	1.89086437104709	0.0492622737577582	0.0619727208533095	0.443228970199924	0.507946026986506	2.19574468085106	0.653268666146357	11.0714893617021	0.151763481621883	1.31049422336329	14970.9884879482	0.0237371558974259	0.0623294903328208
Aethusa_cynapium	Aethusa	Apiaceae	4	Apioideae	27.792	2.04202792064658	0.0663980042218383	0.0903857225100748	0.409682080924856	0.468949044585987	2.08112874779541	0.565030704279408	10.8650793650794	0.159974093264249	1.69954128440367	7752.97456180864	0.0118220320038135	0.0223045500149685
Ainsworthia_trachycarpa	Tordylium	Apiaceae	4	Apioideae	27.184	2.27195988299206	0.0520526780459094	0.0970423778693349	0.393639575971731	0.349128127369219	2.6983842010772	0.484476162448499	18.9407540394973	0.118635962330783	1.10710607621009	4799.62766584295	0.0185572401866009	0.139469745942407
Ammi_majus	Ammi	Apiaceae	2	Apioideae	31.126	2.19042927515834	0.0598856261646212	0.123658677632847	0.380364806866953	0.289945440374123	2.05923836389281	0.472081218274112	12.4739069111425	0.177375827282658	2.14407766990291	7527.59792805093	0.0160956920172817	0.117637594618966
Ammoides_pusilla	Ammoides	Apiaceae	5	Apioideae	17.307	1.84313099041534	0.0720517709597273	0.126538394869128	0.445870088211708	0.270776255707763	1.54676258992806	0.741434101808517	6.9478417266187	0.162824290749408	1.94613259668508	1505.80749832115	0.0329996449393959	0.0641965298566539
Anethum_graveolens	Anethum	Apiaceae	2	Apioideae	23.818	2.11979352082592	0.0716544910012036	0.109049178492457	0.431640625	0.384240246406571	1.58823529411765	0.548044896017017	8.27692307692307	0.160998684468329	2.3946711074105	3990.9932839215	0.0416658262995537	0.0754731692636732
Angelica_archangelica	Angelica	Apiaceae	4	Apioideae	30.6913333333333	2.21108496229767	0.0436388122597042	0.0621673871016791	0.412145345943255	0.495457721872816	2.65700483091788	0.672980428785544	18.5809178743962	0.170688793796295	1.87407584068686	11540.1166993869	0.0410169371629356	0.000265056915722173
Anthriscus_cerefolium	Anthriscus	Apiaceae	6	Apioideae	27.917	2.08118383778142	0.0668051724755525	0.0652290718916789	0.358176943699732	0.501922020867655	1.65419161676647	0.477880861124046	7.68862275449102	0.155317548447183	1.4673434856176	6066.06409700793	-0.0370722045652194	0.0936683501784765
Anthriscus_sylvestris	Anthriscus	Apiaceae	6	Apioideae	29.556	2.11840596330275	0.0531871701177426	0.0760138945279016	0.449957591178965	0.503560830860534	2.36663524976437	0.606442008390851	13.6116870876532	0.17853114990752	1.81370302474794	7770.34186453808	0.0201103041351648	0.0738784392109885
Aphanopleura_capillifolia	Aphanopleura	Apiaceae	2	Apioideae	23.3806666666667	1.96366181410974	0.0595933962533147	0.0690599070457072	0.432535885167464	0.448389760528489	1.58738938053097	0.576886886601465	16.0663716814159	0.122209232699381	1.24231884057971	3359.3046057964	-0.0185935485535983	0.0954051855538644
Arracacia_aegopodioides	Arracacia	Apiaceae	4	Apioideae	28.6773333333333	1.94448964831389	0.0486563139297007	0.06864887483727	0.460582895365504	0.480528276329156	2.28008298755186	0.773014692207551	14.5352697095436	0.169495071601265	1.66689529035208	7238.95856761432	-0.00201030203328251	0.0569070482481796
Arracacia_longipedunculata	Arracacia	Apiaceae	4	Apioideae	30.83	2.01397961850013	0.0492377554330198	0.0524813493350633	0.400527009222661	0.501854140914709	2.44736842105263	0.677521894258839	12.2467105263158	0.222251054168018	2.44539614561028	9489.79948241539	0.0364420243790881	0.0562314886845608
Arracacia_tolucensis	Arracacia	Apiaceae	4	Apioideae	32.343	2.15132366635626	0.0432241907058714	0.0609405435488359	0.472818311874106	0.463216641298833	2.07564296520424	0.644992734131033	13.6944024205749	0.15944717558668	1.65288461538462	10056.0802838275	0.0340492929914337	0.0837691954725353
Astrodaucus_orientalis	Astrodaucus	Apiaceae	9	Apioideae	37.396	2.47317137692341	0.0441936749028417	0.0836987913145791	0.425171440096813	0.28370607028754	1.90702087286527	0.627304168003709	19.0085388994308	0.104467500980497	1.22466039707419	13208.6573458452	0.0519630087938243	0.132679466486634
Athamanta_cretensis	Athamanta	Apiaceae	6	Apioideae	39.4575	2.1965985637143	0.0548058037128556	0.0565291769625546	0.34728323699422	0.491817978031831	1.8814913448735	0.579598301970474	13.103861517976	0.130836976493696	1.2962962962963	16794.2948798626	0.032634362093524	0.105511040572683
Bifora_radians	Bifora	Apiaceae	4	Apioideae	30.4366666666667	2.46730436662344	0.0469170956083671	0.0669587120797284	0.427637721755369	0.528295714753027	2.21506550218341	0.565173584492388	13.3198689956332	0.0958493045668599	1.13544369486248	6706.22182969802	0.0282087987213046	0.153888148469296
Carum_buriaticum	Carum	Apiaceae	5	Apioideae	25.264	1.32120071122268	0.0653894870170994	0.0622229259024699	0.420096852300242	0.432569974554707	1.40634005763689	0.695297656744775	14.3342939481268	0.143445218492717	0.901941264310602	7358.07934851361	-0.0971553025276491	-0.0891625692716526
Carum_carvi	Carum	Apiaceae	5	Apioideae	29.6793333333333	2.2536701427559	0.0573687638985602	0.076349423841506	0.43069694596711	0.51691674021771	2.06727272727273	0.632449066690628	8.99454545454546	0.153193018711112	1.80184940554822	6425.35748641631	0.0372007071875895	0.130923112447036
Chaerophyllum_aromaticum	Chaerophyllum	Apiaceae	9	Apioideae	26.302	2.43672410598481	0.0422021139076876	0.085012546574405	0.437837837837838	0.549194991055456	2.48148148148148	0.599041897954528	9.35802469135803	0.139989354421717	1.39469696969697	5311.48070894886	0.0137420684685102	0.0901598592305432
Chaerophyllum_aureum	Chaerophyllum	Apiaceae	9	Apioideae	31.6866666666667	2.40963244613435	0.0477803492531033	0.0639175257731957	0.404667547335976	0.502304147465437	2.06528835690968	0.530338733431517	11.2981501632209	0.112855038922785	1.33999500374719	8735.14417858072	0.0193679732178343	0.104986982968488
Chaerophyllum_hirsutum	Chaerophyllum	Apiaceae	6	Apioideae	30.783	2.2112635586524	0.0474937465484196	0.0602605334112984	0.43296853625171	0.452830188679245	2.00473933649289	0.59136536399961	11.8214849921011	0.134099990254361	1.41709577754892	7234.82305202965	0.0029524868734632	0.131244715346634
Chaerophyllum_temulum	Chaerophyllum	Apiaceae	4	Apioideae	24.756	2.13880889298467	0.0568212419884742	0.0708784402434427	0.458293838862559	0.473024316109422	1.49224405377456	0.529649377928583	8.3319544984488	0.133570312920774	1.4614024749558	5125.52896343669	0.0230111168897678	0.0613660332554867
Conioselinum_tataricum	Conioselinum	Apiaceae	2	Apioideae	29.706	2.16958808063103	0.0615363899548913	0.0563522520702888	0.342450765864333	0.45957785742732	2.09584664536741	0.559640027828274	16.3631522896698	0.17112143450257	1.76382142030997	7873.55721479253	0.015751745909567	0.076018153606458
Conopodium_majus	Conopodium	Apiaceae	6	Apioideae	29.468	2.05189861665584	0.0554273562282249	0.0712637437220034	0.421224489795918	0.411746031746033	1.77906976744186	0.555744083978102	12.8992248062016	0.139473326998778	1.41691565157435	7450.67810213161	0.0329668497071581	0.0934725192285858
Coriandrum_sativum	Coriandrum	Apiaceae	4	Apioideae	31.522	2.39201699802701	0.0564896474419981	0.0689677050948544	0.391613627854737	0.511499540018399	2.04493307839388	0.523295899160374	12.0611854684513	0.0992322822155955	1.15481171548117	8246.93151597849	0.0402724797169314	0.12931639314931
Crithmum_maritimum	Crithmum	Apiaceae	5	Apioideae	25.7228571428571	1.92598138838378	0.0460402088192825	0.0610074419637899	0.421592279855247	0.46290395994538	2.72961373390558	0.787470843052317	20.2983309489748	0.177740753082306	1.99708794408853	5619.09646467599	0.0226724530264101	0.0443113050912047
Cymbocarpum_erythraeum	Cymbocarpum	Apiaceae	5	Apioideae	27.674	1.7309231923943	0.0535520705355207	0.101756161017562	0.417678812415655	0.327414772727273	2.31179321486268	0.571619570716196	15.8626817447496	0.211931777119318	1.94785785453338	8505.58355746535	0.00851342635765647	-0.0262296892629719
Daucus_carota	Daucus	Apiaceae	9	Apioideae	28.9213333333333	2.07638922127027	0.0681619104697803	0.0872020653727353	0.42035847142374	0.454401268834259	1.67176186645213	0.4656770088977	11.6122284794851	0.126204416578305	1.39419404125286	8091.64952336769	0.0150948665365025	0.0391284846452226
Echinophora_chrysantha	Echinophora	Apiaceae	5	Apioideae	38.284	2.29181466256934	0.0549228572423641	0.055985093859924	0.391249207355739	0.452566096423018	1.57941653160453	0.575209835266255	15.4570502431118	0.0984571448472816	1.15765765765766	17087.6355697636	-0.0331489539999016	0.0852077507448536
Echinophora_tenuifolia	Echinophora	Apiaceae	5	Apioideae	35.398	2.01079300159055	0.0532233459517487	0.0586473812079778	0.408704883227176	0.484585741811175	1.56883116883117	0.569749703373072	13.2701298701299	0.0778010057065371	0.717561229807191	16474.1778968229	-0.0280315791589867	0.0409686441223539
Elaeosticta_allioides	Elaeosticta	Apiaceae	5	Apioideae	26.96	2.06685065930696	0.0902818991097923	0.0975890207715134	0.287181594083813	0.337894336754086	1.72103004291846	0.597922848664688	8.93848354792561	0.200111275964392	2.1024941543258	3807.10804067087	0.0309384451747926	0.153455281043528
Elwendia_persica	Elwendia	Apiaceae	6	Apioideae	23.798	1.96515276630884	0.0697257472616745	0.083676499425722	0.342306147047008	0.39437562772012	2.02230046948357	0.629016443958875	10.3697183098592	0.173179819032412	1.6613813490997	3259.6876292119	0.0182564349914395	0.104046405179905
Falcaria_vulgaris	Falcaria	Apiaceae	5	Apioideae	26.7733333333333	2.01031185863743	0.0653137450199205	0.122360557768924	0.406023637056804	0.393772893772894	1.89859154929577	0.551593625498009	15.0732394366197	0.124427290836653	1.28788659793814	6373.88749195121	0.0108705802855454	0.0522583132883444
Ferula_glauca	Ferula	Apiaceae	9	Apioideae	39.504	1.94696895022178	0.0498008640475225	0.0439786688267855	0.409691629955948	0.502686108979278	2.39619520264681	0.724888618874038	21.5748552522746	0.178834210881599	1.59689572031344	17491.0140337367	-0.0173549166017799	0.0858559257170846
Ferulago_macrosciadea	Ferulago	Apiaceae	2	Apioideae	36.852	2.1398211589827	0.0619233691522848	0.0578530337566482	0.392638036809816	0.424015009380863	1.13839285714286	0.55888418539021	10.8616071428571	0.138771301421904	1.40109589041096	13812.7856374414	0.0083315121536069	0.101642560495028
Heracleum_pastinacifolium	Heracleum	Apiaceae	5	Apioideae	47.53	2.11178744390634	0.0614559225752156	0.0672838207447928	0.313591235878124	0.424640400250156	2.05021834061135	0.523395750052598	16.5305676855895	0.133073848095939	1.36197243755383	25816.1938074861	-0.00896511703320274	0.113180795293369
Heracleum_sphondylium	Heracleum	Apiaceae	6	Apioideae	35.3946666666667	2.03972492220216	0.0796730204173885	0.0918029081594215	0.305200945626478	0.524620434961018	2.22308288148721	0.550817448956528	11.2749806351665	0.158517290740601	1.89123595505618	13734.291236479	0.0342599228489724	0.0585543182364603
Laserpitium_archangelica	Laser	Apiaceae	9	Apioideae	37.7206666666667	1.96216534886947	0.0516251038334423	0.0545942984394056	0.422800410818213	0.486888960828747	2.56599190283401	0.656863611459676	18.3182186234818	0.162368993124901	1.46593266315622	15997.2755927218	0.0029088489025025	0.077995309275615
Laserpitium_latifolium	Laserpitium	Apiaceae	9	Apioideae	29.6993333333333	1.9217893964885	0.0514040719208064	0.0575097084109633	0.432314410480349	0.526541764246682	2.37979797979798	0.649666659184271	14.1808080808081	0.176973669442636	1.65665055683967	7830.61764252343	0.00936628858297169	0.0733432278206466
Lecokia_cretica	Lecokia	Apiaceae	9	Apioideae	36.0633333333333	2.01937434672241	0.0585636380441817	0.0464553101025973	0.388888888888888	0.500198965380024	1.7775974025974	0.618781772807098	13.5787337662338	0.154025325815695	1.34343760077394	12454.2400304962	0.0193355592081853	0.111377283138549
Levisticum_officinale	Levisticum	Apiaceae	2	Apioideae	28.1766666666667	2.03549412444615	0.0591269371820655	0.0571631373476872	0.428571428571429	0.470612582781457	1.73856209150326	0.61772151898734	13.6498599439776	0.167372530462557	1.71865889212828	9305.66175944774	-0.0175949813780969	-0.0269974837917051
Ligusticum_scoticum	Ligusticum	Apiaceae	6	Apioideae	30.3806666666667	1.75024004301571	0.0459063878343683	0.0523578591648197	0.418738049713193	0.444677284157586	2.8458904109589	0.799104693774548	21.7876712328767	0.177591011827697	1.55455243949289	10266.5394437517	-0.0350118931868895	-0.0188029991506981
Lomatium_bicolor	Lomatium	Apiaceae	4	Apioideae	34.856	2.06077805368334	0.0674776222171219	0.0735024099150792	0.36734693877551	0.426229508196721	1.62268518518519	0.692276795960523	6.91898148148148	0.179137020885931	1.77084515031197	10837.8000327161	0.0180449896619844	0.109432326433265
Meum_athamanticum	Meum	Apiaceae	5	Apioideae	26.62	1.62152284263959	0.0639368895567241	0.0552967693463561	0.37406972189581	0.449728260869565	2.23350785340314	0.812046080641123	14.034554973822	0.196744302529426	1.60359256991223	6877.74489009788	-0.00623176203795405	0.0259875056235125
Mutellina_purpurea	Mutellina	Apiaceae	5	Apioideae	24.9586666666667	1.56966164940673	0.0589507986537741	0.0543031144826112	0.433620299048482	0.458435809149041	2.17450365726227	0.836957102409314	14.8108672936259	0.206902078102462	1.66437473141384	6832.34431109969	-0.0305558256872323	-0.0723228605176886
Opopanax_hispidus	Opopanax	Apiaceae	2	Apioideae	31.0853333333333	2.09244300843654	0.0474393068542507	0.0643175774212919	0.431735985533454	0.490163387795933	2.4	0.57096594321009	15.5047120418848	0.157737839924509	1.59544468546638	7136.14239858899	0.0120238436493477	0.12853636444391
Osmorhiza_aristata	Osmorhiza	Apiaceae	6	Apioideae	30.738	1.75265138556278	0.048669399440432	0.0589498340815928	0.397058823529412	0.532008830022075	2.45117845117845	0.556705055631466	13.6195286195286	0.113930639599193	1.15121630506246	9590.39914271333	-0.011184850136367	0.035161109507808
Pachypleurum_alpinum	Ligusticum	Apiaceae	4	Apioideae	32.221	2.32056175729204	0.0592781105490208	0.0601781446882468	0.349738219895288	0.423414130995358	2.04640718562874	0.536947953198225	13.8383233532934	0.151888519909376	1.39828571428571	9029.80001282002	0.0200386746899853	0.121086804620351
Pastinaca_armena	Pastinaca	Apiaceae	6	Apioideae	35.637	1.9429178933595	0.0582260010663075	0.0913376546847378	0.359036144578313	0.349308755760369	2.15704697986577	0.510115890787665	14.9570469798658	0.19577966719982	1.96756909193457	17033.7502495897	0.04976473670076	-0.000532958697404257
Pastinaca_sativa	Pastinaca	Apiaceae	4	Apioideae	31.2466666666667	2.02453457734007	0.0470236825261361	0.0759547685086407	0.428312159709619	0.473314606741572	2.01059322033898	0.576552165564325	13.8675847457627	0.170236825261361	1.85817419655333	9475.00501493037	0.00375348741955552	0.0482683903961365
Petroselinum_crispum	Petroselinum	Apiaceae	2	Apioideae	26.2346666666667	2.11934510986643	0.051738158162228	0.0888391949583249	0.424361493123772	0.407608695652173	2.35300925925925	0.59196483025005	13.5289351851852	0.160805041675137	1.81318051575931	6287.36502111587	0.00317149706972346	0.00298317973696201
Pimpinella_anisum	Pimpinella	Apiaceae	2	Apioideae	32.538	1.97983936394613	0.0604626385559447	0.070235826828119	0.379193493730939	0.374854142357059	1.85701519213583	0.547831253713606	13.7953529937444	0.123465896285369	1.03950319130585	10612.6929062184	0.0246765961424835	0.0698223737808044
Pimpinella_peregrina	Pimpinella	Apiaceae	2	Apioideae	27.914	2.23705722070845	0.0452341716223639	0.0972033149435171	0.429250263991552	0.296560196560196	2.10086100861009	0.507749994029279	16.1857318573186	0.109932889111796	1.27754648903692	5563.74308842344	0.0455773660433329	0.120847993367997
Pimpinella_saxifraga	Pimpinella	Apiaceae	2	Apioideae	29.38	1.89182227945911	0.0509530292716133	0.0921715452688904	0.416833667334669	0.387370753323486	2.12820512820513	0.494928522804629	13.2371794871795	0.156671204901293	1.52467704537926	8760.44087328551	0.0235541505773502	0.0447953746653613
Pleurospermum_hookeri	Pleurospermum	Apiaceae	6	Apioideae	29.25	1.76257909008738	0.068	0.0526837606837607	0.328808446455505	0.448410123296561	2.217125382263	0.81634188034188	14.802752293578	0.199760683760684	1.88119768190599	8362.93775905675	0.00542676443779217	0.0445486883916336
Prangos_ferulacea	Prangos	Apiaceae	2	Apioideae	51.527	2.37200202550292	0.0429289498709415	0.0592116754322976	0.39873417721519	0.476237299246149	2.24036281179138	0.547402332757583	15.1156462585034	0.118365128961515	1.34398413397973	38047.0453359602	0.025469420986434	0.101826379337076
Pycnocycla_spinosa	Pycnocycla	Apiaceae	5	Apioideae	39.568	2.10692225772098	0.0749595632834614	0.0562070359886777	0.347606203641268	0.482464028776978	1.31037827352085	0.521128184391427	9.6556741028128	0.110417509098261	1.2303576457336	24980.759019053	-0.0309492721264233	0.00114790172699448
Rutheopsis_herbanica	Rutheopsis	Apiaceae	2	Apioideae	34.224	1.98872682898483	0.0635811126694717	0.0896446937821412	0.444852941176471	0.388526727509778	1.75929752066116	0.618191912108462	7.64772727272727	0.164329125759701	1.79968	10998.4118291121	0.0224041785535257	0.0852040480133251
Scaligeria_napiformis	Scaligeria	Apiaceae	2	Apioideae	32.9813333333333	2.56159063843008	0.0578913324708927	0.0976511966364814	0.385125698324022	0.34920306354792	1.86400725294652	0.601754527813714	12.7615593834996	0.133691785252264	1.6710459828196	10330.26104174	0.0213505636445008	0.0887104290846515
Scandix_pecten-veneris	Scandix	Apiaceae	6	Apioideae	48.7013333333333	2.24161526895578	0.0376717954333899	0.0611756009417951	0.449854651162791	0.425151040501231	2.57592891760905	0.42432787603351	19.8521809369952	0.130605596013799	1.27946895534397	26965.5698911439	0.0197621938822827	0.140647699523122
Scandix_stellata	Scandix	Apiaceae	6	Apioideae	28.917	1.68415841584158	0.0565757167064357	0.0625929384099319	0.408924205378973	0.493370165745856	1.51420029895366	0.55323857938237	12.8146487294469	0.139606459867898	1.27511054958939	9522.32475463307	0.0215438142612307	0.00133036789197284
Schrenkia_vaginata	Schrenkia	Apiaceae	2	Apioideae	30.6953333333333	2.10800293013461	0.078665595204483	0.0824229524574856	0.310601877415792	0.394993412384716	1.76622222222223	0.525986577764263	12.9546666666667	0.143170514519037	1.52627923130355	9010.97015777182	0.0695671368416925	0.0559725618726417
Seseli_annuum	Seseli	Apiaceae	4	Apioideae	24.6473333333333	1.84642660939918	0.0473073490032729	0.0717589462010765	0.437392795883362	0.420278929513759	2.16470588235294	0.746882691839552	19.0588235294118	0.189229396013092	1.81761496492595	5289.31665122053	0.0371378854513038	0.0131557409598105
Seseli_hippomarathrum	Seseli	Apiaceae	4	Apioideae	26.804	2.11388012618297	0.0572302641396807	0.0520817788389793	0.392438070404172	0.475644699140401	1.80730897009967	0.699746306521415	12.7375415282392	0.157140725264886	1.40869565217391	6795.33231475004	0.0174944280113804	0.0272293829451368
Silaum_silaus	Silaum	Apiaceae	2	Apioideae	27.914	1.972627909168	0.0510377110649376	0.0651763750567218	0.42817033224146	0.455844631733236	2.20546448087431	0.665472522748442	13.7989071038251	0.182751785245158	1.82190476190476	6959.10920611009	0.019371844344781	0.0473855335988586
Silphiodaucus_prutenicus	Silphiodaucus	Apiaceae	9	Apioideae	27.842	1.90550714057581	0.0517922563034265	0.0604841606206451	0.424410540915395	0.536025336500396	2.32897603485838	0.68349974858128	14.9771241830065	0.185738572420564	1.6981173380035	7823.1414428459	0.0223402955517201	0.0170259849912603
Smyrnium_olusatrum	Smyrnium	Apiaceae	9	Apioideae	32.2853333333333	1.6279961004471	0.0490418766003139	0.0541009333443463	0.413052631578947	0.449618320610687	2.14678899082569	0.745126786156771	17.256880733945	0.183509539935575	1.14258164052456	11667.1903369809	-0.031753011872508	0.00278608040545182
Sphallerocarpus_gracilis	Sphallerocarpus	Apiaceae	6	Apioideae	27.831	2.22203592814371	0.0582084725665625	0.0545434946642233	0.393827160493827	0.494729907773386	1.6269592476489	0.597032086522223	14.3150470219436	0.186913873019295	1.91109478324761	5380.20501646439	0.0233826694046923	0.122522402065763
Stefanoffia_daucoides	Stefanoffia	Apiaceae	2	Apioideae	29.035	2.32652243589744	0.0689857069054589	0.066023764422249	0.308037943085372	0.491392801251956	1.78282009724473	0.486206302738075	14.3565640194489	0.0991906319958671	1.2565445026178	6793.45021056913	0.0185705305617706	0.117551191840034
Thapsia_villosa	Thapsia	Apiaceae	9	Apioideae	36.4666666666667	2.01919527500923	0.0459780621572211	0.0535648994515538	0.415904572564612	0.538225255972695	2.55066921606119	0.635722120658136	21.0372848948375	0.203290676416819	1.73913043478261	15199.8665185923	0.0304341048804994	0.0505788371412509
Thysselinum_palustre	Thysselinum	Apiaceae	4	Apioideae	29.1986666666667	2.09429541433558	0.0469656148682588	0.0748436001643912	0.459406903257171	0.49359365466748	2.37037037037037	0.628499018220008	17.1735449735449	0.174505685191104	1.72801266108975	7613.28092316401	0.0265140203553147	0.0665146831538794
Tordylium_maximum	Tordylium	Apiaceae	4	Apioideae	36.4366666666667	2.14064703117657	0.0567743115908883	0.0838898545421279	0.409925878182404	0.444929116684841	1.55817610062893	0.497776964596101	12.0055031446541	0.161577165858567	1.61355746391376	16037.6547311516	-0.0202022379961129	0.0441678770479885
Torilis_japonica	Torilis	Apiaceae	9	Apioideae	25.8446666666667	2.24164450098301	0.0440322955090669	0.079294245105373	0.431751611013474	0.421275211450878	2.44640434192673	0.515051461294398	17.4572591587517	0.150643588619186	1.62267296471242	5939.78396323571	0.012551507765175	0.0428456525342053
Trinia_glauca	Trinia	Apiaceae	4	Apioideae	23.3473333333333	1.78087973557081	0.0501127894691757	0.0564232888838126	0.435897435897436	0.430668016194332	2.30326797385622	0.813569001456272	11.9411764705882	0.223066160303818	2.05904059040591	4515.19515512631	0.0251824755864431	-0.000988686071555876
Turgenia_latifolia	Turgenia	Apiaceae	9	Apioideae	65.6573333333333	1.82770715412453	0.0543325954958065	0.186503665495604	0.637450943748833	0.218260017421603	1.57343887423043	0.510549722803241	9.2996188800938	0.132008610360864	1.94567494762047	97585.8836334274	0.0294085310751336	0.0313555704737668
Zizia_aurea	Zizia	Apiaceae	4	Apioideae	28.234	2.02743070515582	0.052985761847418	0.0772590965974829	0.428698752228164	0.389364303178484	1.96465696465697	0.77145758069467	12.3024948024948	0.164340865623008	1.82055976981428	6923.505337604	0.0293394006073102	0.0472360370834724
Zosima_orientalis	Zosima	Apiaceae	4	Apioideae	32.985	2.18776945015587	0.0582082764893133	0.0639987873275732	0.410416666666667	0.430127901468498	2.22335025380711	0.57601940275883	16.992385786802	0.13745641958466	1.16375770020534	10534.537444544	0.0151623383464328	0.0823387152563149
Aralia_spinosa	Aralia	Araliaceae	5	Araliaceae	33.4173333333333	1.07816398520175	0.0863823165622633	0.0842476958065677	0.36581986143187	0.41723892967085	1.66919191919192	0.755017356262221	10.1300505050505	0.280413358336991	2.04778554778555	39930.2473024416	-0.0826376798205304	-0.306969575446668
Dendropanax_arboreus	Dendropanax	Araliaceae	5	Araliaceae	27.7086666666667	1.08096228868661	0.0627240574549478	0.0632774342564299	0.456846950517837	0.469201520912548	2.06045340050378	0.72923032504872	8.82703610411419	0.378750330823089	3.13273631840797	16899.5251235811	-0.0327689539832803	-0.251599389350504
Fatsia_japonica	Fatsia	Araliaceae	4	Araliaceae	35.5633333333333	0.964472970529741	0.063229918455338	0.0564439028962415	0.574562703824489	0.59481899701096	1.90712074303406	0.61546536695098	7.08359133126935	0.362451963632956	2.5172503580263	57380.5445318396	-0.0205461906866997	-0.276526277611639
Harmsiopanax_ingens	Harmsiopanax	Araliaceae	4	Araliaceae	25.346	1.16319412574575	0.0798153554801546	0.0767379468160656	0.563519525457242	0.55681233933162	1.32017543859649	0.792156553302296	6.27894736842105	0.373865698729583	2.82781259325574	13312.2225600005	-0.0358581291608485	-0.260351193808878
Heptapleurum_heptaphyllum	Schefflera	Araliaceae	5	Araliaceae	29.5593333333333	1.22476658748135	0.0546922573806356	0.0504747513475722	0.465154639175258	0.482126899016979	2.18705673758866	0.743747039852051	10.5434397163121	0.282663118248044	2.40695217975802	20185.5582058335	-0.00985789369529551	-0.231736579882112
Hydrocotyle_vulgaris	Hydrocotyle	Araliaceae	5	Araliaceae	21.5913333333333	1.17348454654154	0.0946058603760771	0.0728378670454196	0.309399477806788	0.437897414158542	2.415611814346	0.831475592058545	13.3660337552743	0.231080371754099	1.85155863433943	5676.80992229263	-0.0984330566065871	-0.177780751181525
Panax_quinquefolius	Panax	Araliaceae	4	Araliaceae	32.609	1.04198753794536	0.0719126621484866	0.071207335398203	0.597014925373134	0.638673557278209	1.46714285714286	0.734705142752001	7.45214285714286	0.358459321046337	2.24615680245965	34798.5349641682	-0.0134201705714698	-0.319764731745402
Pseudopanax_crassifolius	Pseudopanax	Araliaceae	6	Araliaceae	31.6666666666667	1.15037175171345	0.0850315789473684	0.0705263157894735	0.414706610547166	0.454029850746269	1.65194029850746	0.850821052631579	8.51462686567162	0.288926315789473	2.17496038034865	26690.0758633603	-0.0382397971675207	-0.239893025248548
Griselinia_lucida	Griselinia	Griseliniaceae	5	Griseliniaceae	29.208	1.34947329513953	0.0704943850999726	0.0645713503149822	0.51238465274405	0.481442205726405	1.65023696682464	0.823267597918379	7.93649289099526	0.238804437140509	2.2427652733119	16136.9020051934	-0.00280024327613642	-0.163310981200327
Myodocarpus_fraxinifolius	Myodocarpus	Myodocarpaceae	6	Myodocarpaceae	17.456	1.01252900232019	0.0943515123739688	0.0916590284142988	0.486338797814208	0.48875	1.42571785268414	0.76346241979835	7.93008739076155	0.269821264894592	1.74573758339511	5903.9238150425	-0.03215653851074	-0.299901489126752
Pennantia_corymbosa	Pennantia	Pennantiaceae	5	Pennantiaceae	20.757	1.18978562421185	0.0849833791010261	0.0701931878402467	0.533446712018141	0.493479752916953	1.31243358129649	0.84911114322879	5.99893730074389	0.254034783446548	1.89335727109515	6056.8518193603	0.0331334222239856	-0.20212382088421
Hymenosporum_flavum	Hymenosporum	Pittosporaceae	6	Pittosporaceae	40.441	1.02678616767379	0.0449543779827403	0.0482431196063401	0.457095709570957	0.414146591491543	2.60048134777377	0.881852575356692	13.6028880866426	0.396899186469177	2.27415698498158	52178.4959184053	-0.00484786140287306	-0.229460563814849
Torricellia_tiliifolia	Torricellia	Torricelliaceae	6	Torricelliaceae	24.67	0.987906455229857	0.0639643291447102	0.0548034049452777	0.531051964512041	0.556213017751479	0	0.426834211593028	0	0.0835022294284556	1.01477832512315	16801.394338403	0.0194264910809152	-0.312894142806799
Annesorhiza_altiscapa	Annesorhiza	Apiaceae	6	Apioideae	30.0566666666667	1.46384622877366	0.0486858156814905	0.0519906842630586	0.392710706150342	0.4419795221843	2.49187935034803	0.861616945769101	18.3758700696056	0.235377620051015	1.71687429218573	13581.2477725909	-0.0614021206853659	-0.116852162333959
Bupleurum_aureum	Bupleurum	Apiaceae	5	Apioideae	26.038	1.56525398256688	0.0563023273676934	0.0523465703971119	0.438608458390177	0.469552457813646	1.81181959564541	0.68204163146171	9.3452566096423	0.169483063215301	1.66528301886792	7642.88138995142	-0.0391212265838615	-0.0528127841510887
Bupleurum_balansae	Bupleurum	Apiaceae	6	Apioideae	25.28	1.42695868141793	0.0638449367088608	0.0594145569620253	0.434944237918216	0.464713715046604	1.2962962962963	0.732357594936709	10.8461538461538	0.139161392405063	1.18530997304582	8271.76444344912	-0.0420836379014221	-0.122381869947061
Bupleurum_falcatum	Bupleurum	Apiaceae	5	Apioideae	22.822	1.54914471897909	0.0717144275991003	0.0726491981421435	0.423625254582485	0.47125050261359	1.44903846153847	0.71022113165659	8.04711538461538	0.208833581631759	1.76387860843819	5501.04652551486	-0.039662289092967	-0.0822268028063284
Bupleurum_fruticosum	Bupleurum	Apiaceae	6	Apioideae	26.758	1.66219406137408	0.0583999800682662	0.0554102199965119	0.378412969283276	0.45818345323741	2.49830890642615	0.832648179983556	13.1206313416009	0.301143583227446	2.87991422444603	7727.90377191369	-0.00577521233673468	-0.0286504385465704
Bupleurum_longifolium	Bupleurum	Apiaceae	6	Apioideae	26.146	1.4043398861317	0.0619597643999082	0.0536219689436243	0.445679012345679	0.499286733238231	1.5207756232687	0.685841046431577	9.6814404432133	0.244473342002601	1.69909622541201	8267.5350403025	-0.0446977475995799	-0.0913930767258825
Bupleurum_praealtum	Bupleurum	Apiaceae	5	Apioideae	21.4266666666667	1.34725016767271	0.057871810827629	0.0615432482887367	0.420967741935484	0.457027300303337	1.727969348659	0.732825140012444	11.8135376756066	0.200217797137523	1.5626517727052	4092.8530660894	-0.0616055097389222	-0.0521534018074982
Bupleurum_ranunculoides	Bupleurum	Apiaceae	5	Apioideae	21.0373333333333	1.41525765798089	0.0674356699201421	0.0616998352135886	0.414943609022557	0.429892141756549	1.48697621744054	0.706711877297502	9.39184597961495	0.226105970338446	1.76129350777586	4389.6851778257	-0.0434686343701614	-0.0720101132499284
Bupleurum_rotundifolium	Bupleurum	Apiaceae	5	Apioideae	19.154	1.33477351916376	0.0642511572865546	0.0652953256064877	0.460455037919827	0.45362473347548	1.53764705882353	0.813407121227942	10.3929411764706	0.243848108315061	1.68697327233325	3771.15297103526	-0.0458153351116753	-0.118071202022263
Bupleurum_stellatum	Bupleurum	Apiaceae	5	Apioideae	29.258	1.62888319786215	0.0507553489643858	0.0544124683847153	0.387878787878788	0.437185929648241	1.98611111111111	0.686649805181489	12.859375	0.215120650762185	2.45859375	10938.0527143697	-0.0144130438877084	-0.0527364932783776
Bupleurum_tenuissimum	Bupleurum	Apiaceae	5	Apioideae	19.574	1.28278393079494	0.0709614795136405	0.0713701849392051	0.411807055435565	0.438081603435934	1.60839160839161	0.757433329927455	8.62587412587413	0.214927965668744	1.42949371389738	5328.47877478953	-0.0405975871201615	-0.215828007924748
Chamaesium_paradoxum	Chamaesium	Apiaceae	6	Apioideae	27.618	1.76450293892154	0.0456586284307336	0.0467086682598305	0.439333862014274	0.466666666666667	2.83935018050541	0.870229560431603	19.9530685920578	0.263958288072996	2.30331753554502	7010.2531161466	-0.0120390415949565	0.0419574838262764
Cyclorhiza_peucedanifolia	Cyclorhiza	Apiaceae	1	Apioideae	24.068	1.42718216318786	0.0711594925488893	0.0696637305412442	0.426625145971195	0.452882703777336	2.06295620437956	0.847238380145143	15.5875912408759	0.193451886322087	1.05387052965143	6029.37089370668	-0.0840162228681125	-0.0827825662311021
Eremodaucus_lehmannii	Eremodaucus	Apiaceae	6	Apioideae	38.0386666666667	2.59013119070317	0.0578008342388447	0.0706824634582352	0.395694360218314	0.397718819737168	1.51494252873563	0.569893792281538	12.6674329501916	0.062848329769708	0.812231030577579	12525.0332908189	0.0364032170968721	0.157696815261401
Erigenia_bulbosa	Erigenia	Apiaceae	2	Apioideae	33.634	1.56867683410289	0.0525361241600761	0.0525658559790688	0.408036219581211	0.486990950226244	2.06102635228849	0.822798358803592	16.5214979195562	0.194119046203247	1.52297644040121	16917.2134938827	-0.036699159329229	-0.0597482971644034
Haplosphaera_phaea	Haplosphaera	Apiaceae	1	Apioideae	26.548	1.49599909838837	0.0490432424288082	0.0546557179448546	0.40937019969278	0.429359062715369	2.33020637898687	0.704346843453368	24.3339587242026	0.197717342172668	1.25784807093218	7680.63879826277	-0.0737293538813548	-0.0403241720958566
Heteromorpha_arborescens	Heteromorpha	Apiaceae	6	Apioideae	25.0293333333333	1.53497690011856	0.060568932452589	0.0646707862774346	0.457343887423043	0.469522240527183	1.71923076923077	0.830172597485619	9.22211538461539	0.231062220328148	2.02734283711147	8023.29069705292	-0.00465985767105324	-0.0840066252768054
Lichtensteinia_trifida	Lichtensteinia	Apiaceae	6	Apioideae	34.6433333333333	1.60519568776449	0.0495140960261715	0.0636967189454442	0.434900893898173	0.476737160120845	2.1385165326184	0.801616472625807	16.6184092940125	0.216183969979794	2.01109917651271	16766.8620871365	0.0050818446628967	-0.0309127913235488
Molopospermum_peloponnesiacum	Molopospermum	Apiaceae	6	Apioideae	27.1733333333333	1.32423651721897	0.0591756624141316	0.0578017664376841	0.444444444444445	0.414261460101868	1.62499999999999	0.693768400392543	10.509328358209	0.214965652600589	1.6056441268096	12121.01154652	-0.0563323342970692	-0.1760573150273
Physospermum_cornubiense	Physospermum	Apiaceae	6	Apioideae	29.3846666666667	1.42372169643723	0.0546089797400004	0.0500487782743834	0.421686746987952	0.435630099728015	2.04729064039408	0.832361549107244	20.6847290640394	0.204437688590421	1.37867197062424	12283.2069130095	-0.0814210456015771	-0.116244488114853
Pleurospermopsis_sikkimensis	Pleurospermopsis	Apiaceae	5	Apioideae	25.4906666666667	1.42167689161554	0.0537451616277853	0.053980541897688	0.450608272506082	0.428779069767442	2.28185745140389	0.86570247933884	20.9967602591793	0.293519196568678	2.0821892393321	7821.11801626192	-0.0614910860058799	-0.0889478880197515
Pleurospermum_uralense	Pleurospermum	Apiaceae	9	Apioideae	24.792	1.45689604513134	0.0596563407550823	0.0552194256211681	0.446247464503043	0.451424397370343	1.73787878787879	0.795054856405292	16.6606060606061	0.159244917715392	1.09423503325942	5519.23368043378	-0.0366163388808067	-0.00857400480915032
Sinolimprichtia_alpina	Sinolimprichtia	Apiaceae	5	Apioideae	29.739	1.66773216689098	0.0431083762063284	0.0473452368943139	0.43603744149766	0.443892045454545	2.09838998211091	0.851407243014224	22.1556350626118	0.170415952116749	1.13049297345528	10655.2573225947	-0.0645023726125944	-0.0152753555531235
Hermas_villosa	Hermas	Apiaceae	5	Hermas	36.8093333333333	1.55782524052704	0.0471981743760641	0.0476147353931973	0.428242517267844	0.424115633320655	2.63799283154122	0.813887782084256	15.3646953405017	0.26830151773101	2.18689105403012	23633.5769470724	-0.00482302931744748	-0.0529595523773827
Klotzschia_brasiliensis	Klotzschia	Apiaceae	4	Klotzschia	29.031	1.72290801186944	0.0645861320657228	0.0607970789845338	0.483733333333333	0.441359773371105	2.04630650496141	0.855671523543798	11.5567805953693	0.261065757293927	2.66490857946554	10528.1585431698	0.017181300649441	-0.0422814772817217
Actinotus_helianthi	Actinotus	Apiaceae	6	Mackinlayoideae	35.1086666666667	1.70276125193999	0.0795435125230236	0.0703340105956744	0.259727858677489	0.376079913606911	2.35294117647059	0.849097089037845	12.1066176470588	0.307977137648824	2.27762954641203	18214.3645976343	0.0344827531435457	-0.0526400590179814
Centella_asiatica	Centella	Apiaceae	1	Mackinlayoideae	33.532	1.6980807211222	0.0554097578432542	0.0784027197900513	0.415500538213132	0.510079878280715	2.30829015544041	0.807944649886675	11.1295336787565	0.216837647620184	2.22968414596749	16451.5851657216	0.0210851990120367	-0.0474070328110585
Xanthosia_rotundifolia	Xanthosia	Apiaceae	1	Mackinlayoideae	33.518	1.46268873825386	0.0895837062672794	0.0836764325635978	0.303063943161634	0.355122415022581	2.05274725274725	0.864172484436222	11.3084249084249	0.301827873580366	1.93706918560123	20480.9523575134	0.0402728030684646	-0.129728136560822
Cicuta_virosa	Cicuta	Apiaceae	2	Apioideae	34.4373333333333	1.99151823579304	0.0383692117082237	0.0507395075112282	0.435418768920282	0.464326592903472	3.33835457705679	0.800971813535698	24.1378910776361	0.189077745082856	2.02299088649544	10476.5572132647	0.00285479587463488	0.0997715355315795
Cryptotaenia_canadensis	Cryptotaenia	Apiaceae	10	Apioideae	25.1393333333333	1.66758059523283	0.0576520194118116	0.0667745100639106	0.44296228150874	0.415011914217633	1.81308411214953	0.764512450608608	9.58566978193146	0.222705454931184	2.09478672985782	6733.33224803713	0.0201361133996824	-0.0447621324008068
Helosciadium_nodiflorum	Helosciadium	Apiaceae	10	Apioideae	24.1746666666667	1.77964271692187	0.0518449065137057	0.0624620815178423	0.395212765957447	0.43046357615894	2.34454912516823	0.798301251999339	12.1117092866756	0.219485963267332	2.34363957597173	5013.61913953476	-0.00297629382875194	0.00879171054327305
Neogoezia_gracilipes	Neogoezia	Apiaceae	10	Apioideae	35.958	1.97788778877888	0.042049057233439	0.0800934423494076	0.502645502645503	0.578472222222222	2.23421052631579	0.874353412314367	16.4815789473684	0.229100617386951	2.15203761755486	13647.890941635	0.0206325140264166	0.0668827057485664
Oenanthe_aquatica	Oenanthe	Apiaceae	6	Apioideae	28.632	1.9799004241195	0.0514575766042656	0.0712722361926051	0.428506787330317	0.451813132963083	2.4519535374868	0.811469684269349	11.3157338965153	0.122403837198473	1.17817122366652	6171.65328719685	0.0132274809842931	0.105878201598854
Oxypolis_fendleri	Oxypolis	Apiaceae	6	Apioideae	34.944	1.64079447809551	0.0568910256410256	0.0619562728937729	0.402917505030181	0.438799076212471	2.1960049937578	0.828697344322344	11.0649188514357	0.249599358974359	2.01991662806855	12710.60048571	0.00038548846914639	0.0701043915873796
Perideridia_kelloggii	Perideridia	Apiaceae	6	Apioideae	28.9053333333333	2.0036044362292	0.0599889293786613	0.0560219567323217	0.381007304882738	0.53684643886373	2.33097880928355	0.715554222980765	12.4803229061554	0.176922367267863	1.63073979591837	8239.9882960105	0.0418003721813338	0.0324608695077854
Ptilimnium_capillaceum	Ptilimnium	Apiaceae	5	Apioideae	25.9626666666667	1.68166508334053	0.0650164338537386	0.0864061216105176	0.377962085308057	0.563447251114413	2.12330198537096	0.675713845521773	10.3584117032393	0.236185291700904	2.24013638577691	6687.76154758924	0.0346469991936102	-0.00427529337115662
Sium_latifolium	Sium	Apiaceae	5	Apioideae	33.728	1.87259873413037	0.046351201771031	0.0587444655281466	0.452452025586354	0.480484522207269	2.27049952874647	0.821770240354207	16.0801131008483	0.198489879822897	1.99801034619976	12285.0121574465	0.0306221249635891	0.0337659153832926
Trocdaris_verticillatum	Trocdaris	Apiaceae	2	Apioideae	27.6886666666667	1.80790493187656	0.0536440902414947	0.079527123010618	0.423249551166966	0.507114744171966	2.44962884411453	0.830712927070039	14.2841993637328	0.250331062047047	2.49268760489091	7466.04683994013	0.029358234817348	0.0231651572011322
Platysace_ericoides	Platysace	Apiaceae	4	Platysace	25.536	1.58000247494122	0.0637531328320802	0.0698621553884712	0.378378378378378	0.367713004484305	2.24675324675325	0.819705513784461	8.25974025974026	0.202302631578947	2.35245901639344	6625.70705390628	0.0213540004045863	-0.040976778070618
Platysace_lanceolata	Platysace	Apiaceae	4	Platysace	30.3806666666667	1.55214577656676	0.063285861622523	0.0709881284150007	0.41747572815534	0.424111282843895	2.19767441860465	0.857628755129357	6.86960132890365	0.177547124267626	2.40231591448932	13918.3395600474	0.0195495470112389	-0.0806150807966129
Actinolema_eryngioides	Actinolema	Apiaceae	6	Saniculoideae	41.2953333333333	1.97226732893941	0.0476244289104499	0.062363786061379	0.414576271186441	0.414444732073517	2.18887980376125	0.865279369743152	12.5216680294358	0.244176097379849	2.57402995234853	21785.407466176	0.0439408324923549	0.050509295066442
Alepidea_amatymbica	Alepidea	Apiaceae	5	Saniculoideae	36.7953333333333	1.91862203218966	0.03855561393655	0.0444078053376334	0.422932330827068	0.472868217054264	2.54222222222222	0.84320475422608	15.86	0.239196999619517	2.54569996143463	17633.4686312623	0.00619796318407438	0.0103800059381801
Alepidea_peduncularis	Alepidea	Apiaceae	5	Saniculoideae	40.189	2.04005076142132	0.0351339918883277	0.0386175321605414	0.428470254957507	0.448453608247423	2.54214876033058	0.873920724576377	16.6628099173554	0.234616437333599	2.95951035781544	21611.9188740299	0.0160000857705581	0.0238539113512454
Arctopus_echinatus	Arctopus	Apiaceae	1	Saniculoideae	39.8286666666667	1.87153060585177	0.039368628960715	0.0480893159031182	0.430697278911564	0.460494256874348	2.69891411648569	0.900440218937782	14.7492596248766	0.187285539728504	2.51438202247191	20575.1400001095	0.0197865446730973	0.0381408077232216
Eryngium_campestre	Eryngium	Apiaceae	1	Saniculoideae	43.148	1.95416666666667	0.0361778066190785	0.0423658106980625	0.425368353619475	0.506564551422319	2.51355421686747	0.642996199128581	19.5918674698795	0.20038008714193	1.67460778617083	24552.0197453545	0.0314240321479942	0.0646627902735639
Eryngium_ebracteatum	Eryngium	Apiaceae	6	Saniculoideae	30.4273333333333	1.84684174321208	0.0473477794088649	0.0545123901755001	0.436834798704303	0.462620578778135	2.43855932203391	0.858635875638133	15.5487288135593	0.220021471922176	1.84799411115201	8814.17782377236	0.0100926031703122	0.0575168153715938
Sanicula_canadensis	Sanicula	Apiaceae	6	Saniculoideae	44.703	1.95405866153779	0.040064425206362	0.0401539046596425	0.417085427135678	0.440111420612813	2.6706827309237	0.788783750531284	11.5555555555556	0.1623157282509	1.82128514056225	28304.1825756561	0.0434143485293468	0.0546315639231006
Sanicula_crassicaulis	Sanicula	Apiaceae	6	Saniculoideae	48.899	1.9182096343951	0.0362993108243522	0.0361970592445653	0.460281690140845	0.46271186440678	1.82986536107711	0.819362359148449	12.9130966952264	0.154890693061208	1.69744509188705	31598.2857202161	0.0207667307288018	0.0763215296854607
Sanicula_epipactis	Sanicula	Apiaceae	6	Saniculoideae	49.0626666666667	1.88886607463682	0.0347854444655814	0.036728537652526	0.469140625	0.445061043285239	2.0699417152373	0.673247819115688	11.7610324729392	0.12325733076066	1.21416142417347	61821.7645087018	0.00371220939708016	-0.0963909981403373
Sanicula_europaea	Sanicula	Apiaceae	6	Saniculoideae	42.708	2.23469494540762	0.0450813274640193	0.0452374262433267	0.395083102493074	0.449620427881298	2.17177914110429	0.856264244013611	13.6862401402279	0.152929974087603	1.81560415122313	24444.6270822894	0.00889760279150192	0.0577930227475315
Steganotaenia_araliacea	Steganotaenia	Apiaceae	6	Saniculoideae	32.732	1.66242297013612	0.0399201596806387	0.0405515499613019	0.401020408163265	0.433952787543948	3.08651399491094	0.879954376960366	19.8384223918574	0.294696321642429	2.01602340810924	15903.5037970504	0.0111820759117036	-0.0614604438248548
